simulation: 
    algorithm: "dijkstra"
    initial_condition: |
        00000000000000000000000000000000000000000000000000
        00000000000000000000000000000000000000000000000000
        00000000000000000000000000000000000000000000000000
        00000000000000000000000000000000000000000000000000
        00000000000000000000000010000000000000000000000000
        00000000000000000000000000000000000000000000000000
        00000000000000000000000000000000000000000000000000
        00000000000000000000000000000000000000000000000000
        00000000000000000000000000000000000000000000000000
        00000000000000000000000000000000000000000000000000
        00000000000000000000000000000000000000000000000000
        00000000000000000000000000000000000000000000000000
        00000000000000000000000000000000000000000000000000
        00000000000000000000000000000000000000000000000000
        00000000000000000000000000000000000000000000000000
        00000000000000000000000000000000000000000000000000
        00000000000000000000000000000000000000000000000000
        00000000000000000000000000000000000000000000000000
        00000000000000000000000000000000000000000000000000
        00000000000000000000000000000000000000000000000000
        00000000000000000000000000000000000000000000000000
        00000000000000000000000000000000000000000000000000
        00000000000000000000000000000000000000000000000000
        00000000000000000000000000000000000000000000000000
        00000000000000000000000020000000000000000000000000
        00000000000000000000000000000000000000000000000000
        00000000000000000000000000000000000000000000000000
        00000000000000000000000000000000000000000000000000
        00000000000000000000000000000000000000000000000000
        00000000000000000000000000000000000000000000000000
        00000000000000000000000000000000000000000000000000
        00000000000000000000000000000000000000000000000000
        00000000000000000000000000000000000000000000000000
        00000000000000000000000000000000000000000000000000
        00000000000000000000000000000000000000000000000000
        00000000000000000000000000000000000000000000000000
        00000000000000000000000000000000000000000000000000
        00000000000000000000000000000000000000000000000000
        00000000000000000000000000000000000000000000000000
        00000000000000000000000000000000000000000000000000
        00000000000000000000000000000000000000000000000000
        00000000000000000000000000000000000000000000000000
        00000000000000000000000000000000000000000000000000
        00000000000000000000000000000000000000000000000000
        00000000000000000000000000000000000000000000000000
        00000000000000000000000000000000000000000000000000
        00000000000000000000000000000000000000000000000000
        00000000000000000000000000000000000000000000000000
        00000000000000000000000000000000000000000000000000
        00000000000000000000000000000000000000000000000000
