animation:
    frames_per_second: 3
simulation: 
    initial_condition: | # Respect the ident!
        00000000000000000000000000000000000000000000000000
        00000000000000000000000000000000000000000000000000
        00000000000000000000000000000000000000000000000000
        00000000000000000000000000000000000000000000000000
        00000000000000000000000010000000000000000000000000
        00000000000000000000000000000000000000000000000000
        00000000000000000000000030000000000000000000000000
        00000000000000000000000000000000000000000000000000
        00000000000000000000000030000000000000000000000000
        00000000000000000000000000000000000000000000000000
        00000000000000000300000000000000000000000000000000
        00000000000000000330000000000000000000000000000000
        00000000000000000033000000000000000000000000000000
        00000000000000000003300000000000000000000000000000
        00000000000000000000330000000000000000000000000000
        00000000000000000000033000000000000000000000000000
        00000000000000000000003300000000000000000000000000
        00000000000000000000000330000000000000000000000000
        00000000000000000000000033000000000000000000000000
        00000000000000000000000003300000000000000000000000
        00000000000000000000000000300000000000000000000000
        00000000000000000000000000000000000000000000000000
        00000000000000000000000000000000000000000000000000
        00000000000000000000000000000000000000000000000000
        00000000000000000000000020000000000000000000000000
        00000000000000000000000000000000000000000000000000
        00000000000000000000000000000000000000000000000000
        00000000000000000000000000000000000000000000000000
        00000000000000000000000000000000000000000000000000
        00000000000000000000000000000000000000000000000000
        00000000000000000000000000000000000000000000000000
        00000000000000000000000000000000000000000000000000
        00000000000000000000000000000000000000000000000000
        00000000000000000000000000000000000000000000000000
        00000000000000000000000000000000000000000000000000
        00000000000000000000000000000000000000000000000000
        00000000000000000000000000000000000000000000000000
        00000000000000000000000000000000000000000000000000
        00000000000000000000000000000000000000000000000000
        00000000000000000000000000000000000000000000000000
        00000000000000000000000000000000000000000000000000
        00000000000000000000000000000000000000000000000000
        00000000000000000000000000000000000000000000000000
        00000000000000000000000000000000000000000000000000
        00000000000000000000000000000000000000000000000000
        00000000000000000000000000000000000000000000000000
        00000000000000000000000000000000000000000000000000
        00000000000000000000000000000000000000000000000000
        00000000000000000000000000000000000000000000000000
        00000000000000000000000000000000000000000000000000
