animation:
    frames_per_second: 3
simulation: 
    algorithm: "dijkstra"
    initial_condition: | # Respect the ident!
        00000000000000
        00000000000000
        00000000000000
        00000000000000
        00000000010000
        00000000000000
        00000000030000
        00000000000000
        00000000030000
        00000000000000
        00300000000000
        00330000000000
        00033000000000
        00003300000000
        00000330000000
        00000033000000
        00000003300000
        00000000330000
        00000000033000
        00000000003300
        00000000000330
        00000000000033
        00000000000000
        00000000000000
        00000000020000

