1.25,True,386.9999999999866,388.5999999999865
1.1111111111111112,True,392.59999999998627,394.39999999998616
0.894427190999916,True,379.399999999987,380.39999999998696
2.1213203435596424,True,374.7999999999873,375.59999999998723
1.2747548783981963,True,390.79999999998637,392.3999999999863
1.2747548783981963,True,376.3999999999872,377.9999999999871
1.4285714285714286,True,397.199999999986,398.5999999999859
1.0198039027185573,True,380.39999999998696,382.39999999998685
1.077032961426901,True,392.1999999999863,394.1999999999862
1.4142135623730951,True,393.9999999999862,394.79999999998614
1.25,True,383.79999999998677,385.3999999999867
1.1331154474650635,True,401.39999999998577,403.19999999998566
1.0000000000000002,True,401.59999999998576,403.59999999998564
1.1331154474650635,True,385.1999999999867,386.9999999999866
1.2018504251546633,True,394.1999999999862,395.3999999999861
0.9428090415820634,True,377.19999999998714,377.7999999999871
0.7844645405527362,True,394.59999999998615,397.199999999986
1.0000000000000002,True,399.79999999998586,401.79999999998574
1.077032961426901,True,360.99999999998806,362.99999999998795
1.1111111111111112,True,379.199999999987,380.9999999999869
1.25,True,374.7999999999873,376.3999999999872
1.1111111111111112,True,390.3999999999864,392.1999999999863
1.3462912017836262,True,380.59999999998695,382.19999999998686
0.8333333333333334,True,372.9999999999874,375.39999999998724
1.0000000000000002,True,389.9999999999864,391.9999999999863
1.3743685418725535,True,375.7999999999872,376.99999999998715
1.1111111111111112,True,379.599999999987,381.3999999999869
0.8333333333333334,True,376.79999999998716,379.199999999987
1.3462912017836262,True,380.79999999998694,382.39999999998685
0.9270944570168701,True,350.39999999998867,352.59999999998854
1.1331154474650635,True,364.79999999998785,366.59999999998774
1.1111111111111112,True,380.79999999998694,382.59999999998684
1.1180339887498951,True,387.39999999998656,388.99999999998647
1.1111111111111112,True,362.399999999988,364.1999999999879
1.3333333333333333,True,392.3999999999863,392.99999999998624
1.25,True,376.1999999999872,377.7999999999871
1.077032961426901,True,355.1999999999884,357.1999999999883
1.1111111111111112,True,358.1999999999882,359.9999999999881
1.6666666666666667,True,360.1999999999881,361.39999999998804
1.4422205101855958,True,359.79999999998813,360.7999999999881
1.4142135623730951,True,362.399999999988,362.79999999998796
1.1111111111111112,True,373.9999999999873,375.7999999999872
1.4907119849998598,True,363.7999999999879,364.39999999998787
1.1331154474650635,True,364.99999999998784,366.79999999998773
2.8284271247461903,True,339.99999999998926,340.39999999998923
1.264911064067352,True,349.9999999999887,350.99999999998863
1.0,True,380.79999999998694,381.1999999999869
1.2747548783981963,True,349.5999999999887,351.1999999999886
1.4285714285714286,True,357.1999999999883,358.5999999999882
1.0000000000000002,True,348.79999999998876,350.79999999998864
1.4568627181693672,True,333.5999999999896,334.99999999998954
1.58113883008419,True,337.3999999999894,338.19999999998936
1.1111111111111112,True,359.59999999998814,361.39999999998804
1.2747548783981963,True,353.99999999998846,355.59999999998837
1.25,True,343.99999999998903,345.59999999998894
1.1331154474650635,True,342.3999999999891,344.199999999989
0.33333333333333337,True,351.7999999999886,352.19999999998856
1.538618516324144,True,345.9999999999889,347.39999999998884
0.9791208740244554,True,362.99999999998795,365.1999999999878
1.118033988749895,True,356.3999999999883,357.1999999999883
1.1111111111111112,True,331.39999999998975,333.19999999998964
1.4285714285714286,True,321.7999999999903,323.1999999999902
0.9270944570168701,True,340.5999999999892,342.7999999999891
1.2747548783981963,True,324.39999999999014,325.99999999999005
1.05409255338946,True,334.99999999998954,336.1999999999895
0.9791208740244554,True,350.59999999998865,352.79999999998853
1.1331154474650635,True,332.99999999998965,334.79999999998955
1.4285714285714286,True,310.9999999999909,312.3999999999908
1.2747548783981963,True,329.59999999998985,331.19999999998976
1.25,True,376.3999999999872,377.9999999999871
0.63887656499994,True,327.59999999998996,328.3999999999899
1.1967032904743342,True,331.7999999999897,333.5999999999896
1.1331154474650635,True,324.39999999999014,326.19999999999004
1.25,True,328.7999999999899,330.3999999999898
1.118033988749895,True,353.3999999999885,354.19999999998845
0.9270944570168701,True,327.39999999999,329.59999999998985
1.3462912017836262,True,307.1999999999911,308.79999999999103
0.8,True,307.7999999999911,308.39999999999105
1.25,True,324.7999999999901,326.39999999999003
1.2747548783981963,True,322.39999999999026,323.99999999999017
1.25,True,305.9999999999912,307.5999999999911
1.1111111111111112,True,306.99999999999113,308.79999999999103
1.0198039027185573,True,327.39999999999,329.39999999998986
1.27775312999988,True,309.199999999991,310.5999999999909
1.1111111111111112,True,307.7999999999911,309.599999999991
1.2747548783981963,True,304.99999999999125,306.59999999999116
1.1331154474650635,True,317.19999999999055,318.99999999999045
1.0198039027185573,True,306.99999999999113,308.999999999991
1.4285714285714286,True,314.1999999999907,315.59999999999064
1.25,True,325.79999999999006,327.39999999999
1.1331154474650635,True,298.19999999999163,299.99999999999153
1.2747548783981963,True,301.59999999999144,303.19999999999135
1.4142135623730951,True,297.1999999999917,297.59999999999167
1.1111111111111112,True,290.99999999999204,292.79999999999194
0.9270944570168701,True,312.9999999999908,315.19999999999067
1.25,True,300.9999999999915,302.5999999999914
1.2747548783981963,True,290.3999999999921,291.999999999992
1.25,True,301.19999999999146,302.79999999999137
1.25,True,287.9999999999922,289.5999999999921
1.25,True,282.7999999999925,284.3999999999924
1.4568627181693672,True,267.5999999999934,268.9999999999933
1.25,True,281.1999999999926,282.7999999999925
1.25,True,277.1999999999928,278.79999999999274
1.4285714285714286,True,274.599999999993,275.9999999999929
1.0000000000000002,True,302.99999999999136,304.99999999999125
1.4285714285714286,True,271.79999999999313,273.19999999999305
1.4285714285714286,True,271.19999999999317,272.5999999999931
1.4568627181693672,True,251.59999999999425,252.99999999999417
1.4285714285714286,True,272.3999999999931,273.799999999993
1.25,True,263.1999999999936,264.79999999999353
1.25,True,259.5999999999938,261.19999999999374
1.25,True,281.99999999999255,283.59999999999246
1.4285714285714286,True,249.99999999999434,251.39999999999426
1.25,True,243.99999999999469,245.5999999999946
1.25,True,381.5999999999869,383.1999999999868
1.1331154474650635,True,398.19999999998595,399.99999999998585
1.25,True,399.79999999998586,401.39999999998577
1.1331154474650635,True,370.9999999999875,372.7999999999874
1.4285714285714286,True,398.9999999999859,400.3999999999858
1.0198039027185573,True,393.5999999999862,395.5999999999861
1.25,True,385.79999999998665,387.39999999998656
1.25,True,392.59999999998627,394.1999999999862
0.9791208740244554,True,400.5999999999858,402.7999999999857
1.25,True,385.99999999998664,387.59999999998655
1.4285714285714286,True,398.7999999999859,400.19999999998583
1.4285714285714286,True,375.39999999998724,376.79999999998716
0.9270944570168701,True,391.19999999998635,393.3999999999862
1.1967032904743342,True,362.79999999998796,364.59999999998786
1.1111111111111112,True,394.79999999998614,396.59999999998604
0.9090909090909092,True,383.99999999998676,386.19999999998663
1.4907119849998598,True,370.19999999998754,370.7999999999875
0.9090909090909092,True,395.7999999999861,397.99999999998596
1.0198039027185573,True,377.9999999999871,379.999999999987
1.0000000000000002,True,361.19999999998805,363.19999999998794
0.63887656499994,True,397.599999999986,398.19999999998595
0.9090909090909092,True,377.19999999998714,379.399999999987
1.1967032904743342,True,366.59999999998774,368.39999999998764
0.9791208740244554,True,387.9999999999865,390.1999999999864
1.0,True,392.1999999999863,392.59999999998627
1.1967032904743342,True,367.1999999999877,368.9999999999876
1.538618516324144,True,367.5999999999877,368.9999999999876
0.9428090415820634,True,368.9999999999876,369.5999999999876
1.1967032904743342,True,376.5999999999872,378.3999999999871
0.6666666666666667,True,368.39999999998764,368.9999999999876
1.3333333333333335,True,364.39999999998787,365.5999999999878
1.3743685418725535,True,358.5999999999882,359.79999999998813
1.118033988749895,True,374.3999999999873,375.19999999998726
0.9090909090909092,True,353.3999999999885,355.59999999998837
1.1111111111111112,True,370.7999999999875,372.5999999999874
1.0000000000000002,True,349.19999999998873,351.1999999999886
1.2747548783981963,True,355.59999999998837,357.1999999999883
1.1331154474650635,True,368.59999999998763,370.39999999998753
1.25,True,346.1999999999889,347.7999999999888
1.3333333333333333,True,355.1999999999884,355.79999999998836
1.142857142857143,True,344.999999999989,346.3999999999889
2.0,True,335.5999999999895,335.9999999999895
0.9791208740244554,True,356.3999999999883,358.5999999999882
1.1111111111111112,True,370.9999999999875,372.7999999999874
1.1331154474650635,True,360.1999999999881,361.999999999988
1.1967032904743342,True,365.3999999999878,367.1999999999877
1.264911064067352,True,353.99999999998846,354.9999999999884
1.2747548783981963,True,339.79999999998927,341.3999999999892
1.2747548783981963,True,344.199999999989,345.7999999999889
1.2747548783981963,True,335.19999999998953,336.79999999998944
0.9090909090909092,True,356.5999999999883,358.7999999999882
1.0198039027185573,True,331.59999999998973,333.5999999999896
1.1967032904743342,True,346.1999999999889,347.9999999999888
1.1331154474650635,True,312.3999999999908,314.1999999999907
0.9791208740244554,True,338.59999999998934,340.7999999999892
1.1331154474650635,True,354.19999999998845,355.99999999998835
1.1111111111111112,True,336.59999999998945,338.39999999998935
0.9428090415820634,True,344.399999999989,344.599999999989
1.4568627181693672,True,330.5999999999898,331.9999999999897
1.1331154474650635,True,341.99999999998914,343.79999999998904
1.1661903789690604,True,356.9999999999883,358.9999999999882
1.1331154474650635,True,354.5999999999884,356.3999999999883
1.1331154474650635,True,339.3999999999893,341.1999999999892
1.6996731711975952,True,323.7999999999902,324.9999999999901
1.2747548783981963,True,322.79999999999023,324.39999999999014
0.7905694150420951,True,351.9999999999886,352.9999999999885
1.25,True,330.99999999998977,332.5999999999897
1.25,True,324.7999999999901,326.39999999999003
1.2747548783981963,True,344.399999999989,345.9999999999889
1.2747548783981963,True,327.19999999999,328.7999999999899
1.1967032904743342,True,318.5999999999905,320.39999999999037
1.0000000000000002,True,341.1999999999892,343.1999999999891
1.25,True,315.59999999999064,317.19999999999055
1.4568627181693672,True,313.99999999999073,315.39999999999065
1.4285714285714286,True,314.3999999999907,315.79999999999063
1.1967032904743342,True,341.3999999999892,343.1999999999891
1.1111111111111112,True,331.9999999999897,333.7999999999896
1.25,True,307.1999999999911,308.79999999999103
1.1331154474650635,True,313.99999999999073,315.79999999999063
1.25,True,304.3999999999913,305.9999999999912
1.6666666666666667,True,269.79999999999325,270.9999999999932
1.2747548783981963,True,300.5999999999915,302.1999999999914
1.4285714285714286,True,295.3999999999918,296.7999999999917
1.4285714285714286,True,294.7999999999918,296.19999999999175
1.178030178747903,True,297.3999999999917,298.7999999999916
1.1111111111111112,True,305.5999999999912,307.3999999999911
1.1111111111111112,True,292.79999999999194,294.59999999999184
1.0198039027185573,True,309.599999999991,311.59999999999087
1.4285714285714286,True,296.9999999999917,298.3999999999916
1.1111111111111112,True,306.1999999999912,307.9999999999911
1.4285714285714286,True,295.3999999999918,296.7999999999917
1.25,True,270.7999999999932,272.3999999999931
1.2747548783981963,True,330.1999999999898,331.7999999999897
1.4285714285714286,True,287.39999999999225,288.79999999999217
1.1111111111111112,True,324.39999999999014,326.19999999999004
1.2747548783981963,True,284.9999999999924,286.5999999999923
1.4285714285714286,True,272.99999999999307,274.399999999993
1.6996731711975952,True,285.1999999999924,286.3999999999923
1.1331154474650635,True,297.99999999999164,299.79999999999154
1.25,True,287.7999999999922,289.39999999999213
1.25,True,271.9999999999931,273.59999999999303
1.25,True,285.39999999999236,286.99999999999227
1.25,True,268.3999999999933,269.99999999999324
1.4285714285714286,True,272.7999999999931,274.199999999993
1.1331154474650635,True,279.99999999999267,281.79999999999256
1.4285714285714286,True,248.9999999999944,250.39999999999432
1.25,True,254.3999999999941,255.999999999994
1.25,True,294.59999999999184,296.19999999999175
1.4285714285714286,True,252.5999999999942,253.99999999999412
1.25,True,263.1999999999936,264.79999999999353
1.4285714285714286,True,244.39999999999466,245.79999999999458
1.1331154474650635,True,397.599999999986,399.3999999999859
1.5000000000000002,True,394.59999999998615,395.3999999999861
1.2747548783981963,True,388.1999999999865,389.7999999999864
1.4285714285714286,True,382.59999999998684,383.99999999998676
1.25,True,397.599999999986,399.1999999999859
1.4568627181693672,True,396.59999999998604,397.99999999998596
1.4142135623730951,True,395.1999999999861,395.9999999999861
1.0000000000000002,True,394.79999999998614,396.799999999986
1.0,True,374.1999999999873,374.5999999999873
1.1111111111111112,True,384.19999999998674,385.99999999998664
1.6666666666666667,True,399.59999999998587,400.7999999999858
1.538618516324144,True,372.9999999999874,374.3999999999873
1.25,True,361.799999999988,363.3999999999879
1.077032961426901,True,373.39999999998736,375.39999999998724
1.1967032904743342,True,400.3999999999858,402.1999999999857
1.0,True,388.3999999999865,388.7999999999865
1.1967032904743342,True,365.7999999999878,367.5999999999877
0.9270944570168701,True,392.79999999998626,394.99999999998613
1.4142135623730951,True,374.1999999999873,374.99999999998727
1.4142135623730951,True,391.39999999998633,391.7999999999863
1.25,True,376.5999999999872,378.1999999999871
1.1111111111111112,True,402.3999999999857,404.1999999999856
1.0198039027185573,True,390.1999999999864,392.1999999999863
1.1331154474650635,True,359.19999999998817,360.99999999998806
1.0198039027185573,True,390.3999999999864,392.3999999999863
1.1331154474650635,True,369.5999999999876,371.3999999999875
1.2747548783981963,True,367.3999999999877,368.9999999999876
2.0,True,354.7999999999884,354.9999999999884
1.4285714285714286,True,390.1999999999864,391.5999999999863
1.0000000000000002,True,352.59999999998854,354.5999999999884
1.2747548783981963,True,379.799999999987,381.3999999999869
1.25,True,360.3999999999881,361.999999999988
1.25,True,358.7999999999882,360.3999999999881
1.3462912017836262,True,373.79999999998734,375.39999999998724
1.1111111111111112,True,363.3999999999879,365.1999999999878
1.118033988749895,True,366.59999999998774,367.3999999999877
0.894427190999916,True,358.5999999999882,359.59999999998814
1.4285714285714286,True,338.9999999999893,340.39999999998923
1.1111111111111112,True,373.9999999999873,375.7999999999872
1.25,True,340.7999999999892,342.3999999999891
0.2571297386132901,True,379.399999999987,379.999999999987
1.1111111111111112,True,354.39999999998844,356.19999999998834
1.4568627181693672,True,353.1999999999885,354.5999999999884
1.0198039027185573,True,365.1999999999878,367.1999999999877
1.2000000000000002,True,362.599999999988,363.5999999999879
1.1331154474650635,True,355.79999999998836,357.59999999998826
1.4907119849998598,True,358.7999999999882,359.39999999998815
1.077032961426901,True,338.7999999999893,340.7999999999892
0.9035079029052515,True,340.5999999999892,341.59999999998917
1.2747548783981963,True,366.39999999998776,367.99999999998766
1.0,True,337.99999999998937,338.39999999998935
1.4142135623730951,True,343.59999999998905,343.99999999998903
1.1111111111111112,True,335.5999999999895,337.3999999999894
1.077032961426901,True,333.7999999999896,335.7999999999895
1.0198039027185573,True,354.7999999999884,356.7999999999883
1.2747548783981963,True,349.5999999999887,351.1999999999886
1.2747548783981963,True,330.7999999999898,332.3999999999897
1.2747548783981963,True,332.3999999999897,333.9999999999896
1.0198039027185573,True,342.7999999999891,344.799999999989
0.9791208740244554,True,335.19999999998953,337.3999999999894
1.25,True,327.39999999999,328.9999999999899
1.25,True,336.9999999999894,338.59999999998934
1.1111111111111112,True,325.79999999999006,327.59999999998996
0.6666666666666666,True,342.19999999998913,342.5999999999891
1.27775312999988,True,340.39999999998923,341.79999999998915
1.4285714285714286,True,315.79999999999063,317.19999999999055
1.2747548783981963,True,322.9999999999902,324.59999999999013
1.25,True,321.1999999999903,322.79999999999023
1.1111111111111112,True,317.59999999999053,319.3999999999904
0.9270944570168701,True,335.5999999999895,337.7999999999894
1.6666666666666667,True,323.99999999999017,325.1999999999901
1.3743685418725535,True,320.39999999999037,321.5999999999903
1.25,True,324.7999999999901,326.39999999999003
1.2747548783981963,True,316.5999999999906,318.1999999999905
1.077032961426901,True,332.1999999999897,334.1999999999896
1.4568627181693672,True,299.1999999999916,300.5999999999915
1.2747548783981963,True,334.59999999998956,336.1999999999895
0.9090909090909092,True,331.39999999998975,333.5999999999896
1.1111111111111112,True,306.99999999999113,308.79999999999103
1.25,True,300.3999999999915,301.9999999999914
1.0000000000000002,True,307.3999999999911,309.399999999991
1.27775312999988,True,309.399999999991,310.7999999999909
1.1967032904743342,True,312.7999999999908,314.5999999999907
1.0000000000000002,True,323.1999999999902,325.1999999999901
0.9270944570168701,True,305.5999999999912,307.7999999999911
1.2747548783981963,True,315.9999999999906,317.59999999999053
1.4285714285714286,True,285.9999999999923,287.39999999999225
1.2747548783981963,True,303.39999999999134,304.99999999999125
1.2747548783981963,True,313.1999999999908,314.7999999999907
1.1331154474650635,True,302.5999999999914,304.3999999999913
1.2747548783981963,True,291.599999999992,293.1999999999919
1.4285714285714286,True,303.7999999999913,305.19999999999123
1.1331154474650635,True,317.19999999999055,318.99999999999045
1.4907119849998598,True,291.799999999992,292.39999999999196
1.2747548783981963,True,284.19999999999243,285.79999999999234
1.25,True,301.59999999999144,303.19999999999135
1.2747548783981963,True,275.9999999999929,277.5999999999928
1.1111111111111112,True,306.39999999999117,308.19999999999106
1.4568627181693672,True,304.99999999999125,306.39999999999117
1.25,True,294.7999999999918,296.39999999999173
1.25,True,283.1999999999925,284.7999999999924
1.25,True,276.3999999999929,277.9999999999928
1.4285714285714286,True,255.39999999999404,256.799999999994
1.4285714285714286,True,260.99999999999375,262.39999999999367
1.2747548783981963,True,267.1999999999934,268.7999999999933
1.25,True,264.19999999999357,265.7999999999935
1.0198039027185573,True,279.5999999999927,281.5999999999926
1.4285714285714286,True,259.9999999999938,261.3999999999937
1.1111111111111112,True,263.7999999999936,265.5999999999935
1.4285714285714286,True,252.5999999999942,253.99999999999412
1.1331154474650635,True,261.3999999999937,263.1999999999936
1.1111111111111112,True,387.79999999998654,389.59999999998644
1.2747548783981963,True,371.3999999999875,372.9999999999874
1.25,True,394.39999999998616,395.9999999999861
0.6666666666666666,True,387.39999999998656,387.59999999998655
1.4142135623730951,True,379.199999999987,379.599999999987
1.2747548783981963,True,396.39999999998605,397.99999999998596
1.0000000000000002,True,391.5999999999863,393.5999999999862
1.538618516324144,True,383.3999999999868,384.7999999999867
1.178030178747903,True,389.59999999998644,390.99999999998636
1.0198039027185573,True,395.7999999999861,397.79999999998597
0.9090909090909092,True,384.39999999998673,386.5999999999866
1.25,True,376.79999999998716,378.3999999999871
1.118033988749895,True,364.79999999998785,365.5999999999878
1.1967032904743342,True,374.3999999999873,376.1999999999872
1.4568627181693672,True,363.3999999999879,364.79999999998785
1.4285714285714286,True,395.5999999999861,396.999999999986
1.0198039027185573,True,376.79999999998716,378.79999999998705
1.3462912017836262,True,380.19999999998697,381.7999999999869
1.0198039027185573,True,384.9999999999867,386.9999999999866
1.077032961426901,True,392.1999999999863,394.1999999999862
1.118033988749895,True,377.5999999999871,378.3999999999871
1.3743685418725535,True,401.1999999999858,402.3999999999857
0.9791208740244554,True,382.7999999999868,384.9999999999867
0.33333333333333337,True,385.3999999999867,385.79999999998665
1.3462912017836262,True,369.1999999999876,370.7999999999875
1.0307764064044154,True,372.5999999999874,374.1999999999873
2.0,True,351.5999999999886,351.7999999999886
1.1331154474650635,True,359.39999999998815,361.19999999998805
1.2747548783981963,True,381.3999999999869,382.9999999999868
1.0,True,384.19999999998674,384.39999999998673
1.0198039027185573,True,365.3999999999878,367.3999999999877
1.1111111111111112,True,382.39999999998685,384.19999999998674
1.4907119849998598,True,351.1999999999886,351.7999999999886
1.1111111111111112,True,367.3999999999877,369.1999999999876
1.0198039027185573,True,388.1999999999865,390.1999999999864
1.0,True,348.99999999998875,349.3999999999887
1.3743685418725535,True,361.39999999998804,362.599999999988
1.1180339887498951,True,351.7999999999886,353.3999999999885
1.118033988749895,True,383.99999999998676,384.7999999999867
1.27775312999988,True,365.5999999999878,366.9999999999877
1.1331154474650635,True,361.799999999988,363.5999999999879
1.2747548783981963,True,353.3999999999885,354.9999999999884
1.3462912017836262,True,363.5999999999879,365.1999999999878
1.4285714285714286,True,368.7999999999876,370.19999999998754
1.1331154474650635,True,351.1999999999886,352.9999999999885
0.9938079899999067,True,352.9999999999885,354.7999999999884
1.2747548783981963,True,351.5999999999886,353.1999999999885
1.1331154474650635,True,342.7999999999891,344.599999999989
1.25,True,367.7999999999877,369.3999999999876
0.9270944570168701,True,370.39999999998753,372.5999999999874
1.05409255338946,True,335.9999999999895,337.1999999999894
1.25,True,347.9999999999888,349.5999999999887
1.1661903789690604,True,356.9999999999883,358.9999999999882
1.4568627181693672,True,333.39999999998963,334.79999999998955
1.5000000000000002,True,344.999999999989,345.7999999999889
1.077032961426901,True,330.3999999999898,332.3999999999897
1.178030178747903,True,338.59999999998934,339.99999999998926
0.9270944570168701,True,318.79999999999046,320.99999999999034
1.25,True,324.9999999999901,326.59999999999
1.2747548783981963,True,351.9999999999886,353.5999999999885
1.1331154474650635,True,335.19999999998953,336.9999999999894
1.4568627181693672,True,326.99999999999,328.3999999999899
1.1111111111111112,True,349.7999999999887,351.5999999999886
0.4040610178208844,True,325.3999999999901,325.79999999999006
1.1111111111111112,True,330.7999999999898,332.5999999999897
1.2018504251546633,True,365.5999999999878,366.79999999998773
1.4142135623730951,True,345.9999999999889,346.3999999999889
1.1111111111111112,True,353.5999999999885,355.3999999999884
1.4285714285714286,True,318.99999999999045,320.39999999999037
1.2747548783981963,True,314.1999999999907,315.79999999999063
1.2747548783981963,True,323.7999999999902,325.3999999999901
1.2747548783981963,True,307.5999999999911,309.199999999991
0.9270944570168701,True,357.1999999999883,359.39999999998815
1.1331154474650635,True,318.1999999999905,319.9999999999904
1.25,True,311.79999999999086,313.39999999999077
1.077032961426901,True,324.7999999999901,326.79999999999
1.178030178747903,True,350.59999999998865,351.9999999999886
1.1331154474650635,True,319.7999999999904,321.5999999999903
0.8333333333333334,True,337.3999999999894,339.79999999998927
1.25,True,312.19999999999084,313.79999999999075
1.1331154474650635,True,307.7999999999911,309.599999999991
1.0198039027185573,True,339.99999999998926,341.99999999998914
1.4285714285714286,True,328.1999999999899,329.59999999998985
1.3462912017836262,True,332.3999999999897,333.9999999999896
1.1331154474650635,True,315.9999999999906,317.7999999999905
1.4285714285714286,True,299.59999999999155,300.9999999999915
1.25,True,325.79999999999006,327.39999999999
1.2747548783981963,True,290.79999999999205,292.39999999999196
1.077032961426901,True,308.59999999999104,310.5999999999909
1.1111111111111112,True,329.79999999998984,331.59999999998973
1.4285714285714286,True,303.7999999999913,305.19999999999123
1.1331154474650635,True,318.79999999999046,320.59999999999036
1.1331154474650635,True,313.39999999999077,315.19999999999067
1.25,True,321.7999999999903,323.3999999999902
1.25,True,271.39999999999316,272.99999999999307
1.25,True,290.1999999999921,291.799999999992
1.1111111111111112,True,301.9999999999914,303.7999999999913
1.25,True,278.79999999999274,280.39999999999264
1.1111111111111112,True,284.3999999999924,286.1999999999923
1.25,True,287.9999999999922,289.5999999999921
1.4285714285714286,True,277.5999999999928,278.9999999999927
1.25,True,270.7999999999932,272.3999999999931
1.25,True,283.3999999999925,284.9999999999924
1.4285714285714286,True,285.79999999999234,287.19999999999226
1.1111111111111112,True,274.99999999999295,276.79999999999285
1.1331154474650635,True,311.79999999999086,313.59999999999076
1.1331154474650635,True,288.1999999999922,289.9999999999921
1.2747548783981963,True,255.59999999999403,257.19999999999396
1.4285714285714286,True,250.39999999999432,251.79999999999424
1.25,True,266.19999999999345,267.79999999999336
1.25,True,257.59999999999394,259.19999999999385
1.4285714285714286,True,254.99999999999406,256.399999999994
1.4285714285714286,True,237.19999999999507,238.599999999995
1.25,True,236.5999999999951,238.19999999999501
0.7692307692307692,True,394.99999999998613,397.599999999986
0.9090909090909092,True,395.1999999999861,397.399999999986
1.1331154474650635,True,398.7999999999859,400.5999999999858
1.8856180831641267,True,388.99999999998647,389.59999999998644
1.27775312999988,True,395.1999999999861,396.59999999998604
1.4285714285714286,True,399.59999999998587,400.9999999999858
1.1331154474650635,True,393.9999999999862,395.7999999999861
1.25,True,397.99999999998596,399.59999999998587
0.9791208740244554,True,372.7999999999874,374.99999999998727
1.4142135623730951,True,380.39999999998696,381.1999999999869
1.2747548783981963,True,390.1999999999864,391.7999999999863
1.05409255338946,True,370.9999999999875,371.99999999998744
1.4142135623730951,True,389.9999999999864,390.3999999999864
0.8498365855987976,True,391.9999999999863,394.39999999998616
1.1331154474650635,True,364.39999999998787,366.19999999998777
1.3462912017836262,True,375.19999999998726,376.79999999998716
1.0000000000000002,True,392.99999999998624,394.99999999998613
1.0198039027185573,True,383.5999999999868,385.59999999998666
1.25,True,386.5999999999866,388.1999999999865
0.9791208740244554,True,394.39999999998616,396.59999999998604
1.27775312999988,True,369.1999999999876,370.5999999999875
0.8498365855987976,True,355.1999999999884,357.59999999998826
1.4285714285714286,True,367.7999999999877,369.1999999999876
1.1180339887498951,True,385.1999999999867,386.7999999999866
1.1111111111111112,True,383.99999999998676,385.79999999998665
1.1111111111111112,True,383.3999999999868,385.1999999999867
1.1967032904743342,True,371.99999999998744,373.79999999998734
1.2747548783981963,True,378.99999999998704,380.59999999998695
1.4142135623730951,True,368.19999999998765,368.59999999998763
1.1331154474650635,True,369.79999999998756,371.59999999998746
1.0198039027185573,True,373.19999999998737,375.19999999998726
0.7692307692307692,True,372.1999999999874,374.7999999999873
1.25,True,374.7999999999873,376.3999999999872
1.0000000000000002,True,358.5999999999882,360.5999999999881
1.0000000000000002,True,362.599999999988,364.59999999998786
1.2747548783981963,True,372.3999999999874,373.9999999999873
1.178030178747903,True,365.5999999999878,366.9999999999877
1.0198039027185573,True,353.7999999999885,355.79999999998836
1.077032961426901,True,357.39999999998827,359.39999999998815
1.118033988749895,True,361.799999999988,362.599999999988
1.077032961426901,True,357.39999999998827,359.39999999998815
1.4907119849998598,True,370.5999999999875,371.1999999999875
1.25,True,376.79999999998716,378.3999999999871
1.1331154474650635,True,380.9999999999869,382.7999999999868
0.4714045207910318,True,352.9999999999885,353.3999999999885
1.3333333333333335,True,350.99999999998863,352.19999999998856
1.0198039027185573,True,363.5999999999879,365.5999999999878
1.0000000000000002,True,347.5999999999888,349.5999999999887
1.0198039027185573,True,377.9999999999871,379.999999999987
1.4285714285714286,True,357.39999999998827,358.7999999999882
1.1331154474650635,True,372.1999999999874,373.9999999999873
1.25,True,362.99999999998795,364.59999999998786
1.178030178747903,True,346.3999999999889,347.7999999999888
1.1967032904743342,True,360.1999999999881,361.999999999988
1.0,True,357.1999999999883,357.99999999998823
1.4142135623730951,True,337.7999999999894,338.19999999998936
1.1111111111111112,True,360.7999999999881,362.599999999988
1.1331154474650635,True,343.1999999999891,344.999999999989
1.2747548783981963,True,356.7999999999883,358.3999999999882
1.118033988749895,True,332.1999999999897,332.99999999998965
1.1331154474650635,True,327.59999999998996,329.39999999998986
1.1967032904743342,True,371.79999999998745,373.59999999998735
1.1331154474650635,True,353.1999999999885,354.9999999999884
1.118033988749895,True,335.7999999999895,336.59999999998945
1.2747548783981963,True,344.799999999989,346.3999999999889
1.1331154474650635,True,329.9999999999898,331.7999999999897
1.1111111111111112,True,340.7999999999892,342.5999999999891
1.2747548783981963,True,326.39999999999003,327.99999999998994
1.1111111111111112,True,333.9999999999896,335.7999999999895
1.6996731711975952,True,318.99999999999045,320.1999999999904
1.0,True,336.1999999999895,336.9999999999894
1.2747548783981963,True,329.79999999998984,331.39999999998975
1.2747548783981963,True,336.59999999998945,338.19999999998936
1.1331154474650635,True,336.59999999998945,338.39999999998935
1.2747548783981963,True,332.79999999998967,334.3999999999896
1.1967032904743342,True,322.9999999999902,324.7999999999901
1.4142135623730951,True,329.19999999998987,329.9999999999898
1.1331154474650635,True,317.9999999999905,319.7999999999904
1.4568627181693672,True,297.1999999999917,298.5999999999916
1.2747548783981963,True,311.59999999999087,313.1999999999908
1.0198039027185573,True,328.7999999999899,330.7999999999898
1.4568627181693672,True,307.9999999999911,309.399999999991
1.25,True,325.3999999999901,326.99999999999
1.25,True,346.79999999998887,348.3999999999888
1.1331154474650635,True,346.5999999999889,348.3999999999888
1.0000000000000002,True,323.5999999999902,324.59999999999013
1.4568627181693672,True,314.3999999999907,315.79999999999063
1.4568627181693672,True,291.799999999992,293.1999999999919
1.4285714285714286,True,300.7999999999915,302.1999999999914
1.2747548783981963,True,316.1999999999906,317.7999999999905
1.3462912017836262,True,281.1999999999926,282.7999999999925
1.077032961426901,True,334.3999999999896,336.39999999998946
1.4285714285714286,True,294.39999999999185,295.79999999999177
1.4285714285714286,True,287.59999999999224,288.99999999999216
1.142857142857143,True,324.59999999999013,325.99999999999005
1.4285714285714286,True,284.3999999999924,285.79999999999234
1.4907119849998598,True,291.599999999992,292.199999999992
1.1111111111111112,True,291.399999999992,293.1999999999919
1.2747548783981963,True,278.9999999999927,280.59999999999263
1.2747548783981963,True,266.39999999999344,267.99999999999335
1.4285714285714286,True,283.59999999999246,284.9999999999924
1.2747548783981963,True,275.7999999999929,277.3999999999928
1.3333333333333335,True,291.19999999999203,292.39999999999196
1.4285714285714286,True,298.19999999999163,299.59999999999155
1.4285714285714286,True,276.79999999999285,278.19999999999277
1.25,True,286.5999999999923,288.1999999999922
1.4285714285714286,True,273.39999999999304,274.79999999999296
1.25,True,274.79999999999296,276.3999999999929
1.25,True,265.3999999999935,266.9999999999934
1.2747548783981963,True,261.3999999999937,262.99999999999363
1.25,True,257.9999999999939,259.5999999999938
1.25,True,268.7999999999933,270.3999999999932
1.4285714285714286,True,261.7999999999937,263.1999999999936
1.2747548783981963,True,278.19999999999277,279.7999999999927
1.25,True,258.99999999999386,260.59999999999377
1.25,True,243.19999999999473,244.79999999999464
1.1111111111111112,True,387.39999999998656,389.19999999998646
1.0000000000000002,True,397.99999999998596,399.99999999998585
1.0198039027185573,True,382.59999999998684,384.5999999999867
1.1967032904743342,True,378.59999999998706,380.39999999998696
1.1331154474650635,True,382.9999999999868,384.7999999999867
1.2747548783981963,True,371.1999999999875,372.7999999999874
1.2747548783981963,True,397.599999999986,399.1999999999859
1.0000000000000002,True,398.9999999999859,400.9999999999858
1.25,True,399.99999999998585,401.59999999998576
1.1111111111111112,True,373.19999999998737,374.99999999998727
1.077032961426901,True,379.799999999987,381.7999999999869
1.1111111111111112,True,384.5999999999867,386.3999999999866
1.1111111111111112,True,396.59999999998604,398.39999999998594
1.8027756377319948,True,357.59999999998826,358.3999999999882
1.142857142857143,True,380.9999999999869,382.39999999998685
0.9791208740244554,True,378.1999999999871,380.39999999998696
1.2747548783981963,True,374.5999999999873,376.1999999999872
1.1180339887498951,True,377.5999999999871,379.199999999987
1.0000000000000002,True,387.79999999998654,389.7999999999864
1.118033988749895,True,379.799999999987,380.59999999998695
1.1331154474650635,True,357.79999999998824,359.59999999998814
1.2747548783981963,True,355.79999999998836,357.39999999998827
1.4285714285714286,True,361.999999999988,363.3999999999879
1.2747548783981963,True,375.39999999998724,376.99999999998715
0.8333333333333334,True,381.99999999998687,384.39999999998673
1.2747548783981963,True,370.39999999998753,371.99999999998744
1.0601730717900548,True,373.79999999998734,375.9999999999872
1.1331154474650635,True,391.7999999999863,393.5999999999862
1.2000000000000002,True,356.9999999999883,357.99999999998823
1.25,True,366.9999999999877,368.59999999998763
0.8571428571428573,True,369.3999999999876,370.39999999998753
1.4142135623730951,True,376.79999999998716,377.19999999998714
0.8333333333333334,True,388.1999999999865,390.5999999999864
1.1111111111111112,True,353.3999999999885,355.1999999999884
1.0000000000000002,True,381.7999999999869,383.79999999998677
1.25,True,375.59999999998723,377.19999999998714
1.264911064067352,True,364.1999999999879,365.1999999999878
1.1331154474650635,True,340.19999999998925,341.99999999998914
1.4285714285714286,True,361.799999999988,363.19999999998794
0.9013878188659975,True,377.9999999999871,379.599999999987
1.2000000000000002,True,367.1999999999877,368.19999999998765
1.0198039027185573,True,385.99999999998664,387.9999999999865
1.2747548783981963,True,350.79999999998864,352.39999999998855
1.3333333333333335,True,366.79999999998773,367.99999999998766
2.0,True,342.5999999999891,342.7999999999891
1.0000000000000002,True,326.79999999999,327.79999999998995
1.4568627181693672,True,349.9999999999887,351.3999999999886
0.9270944570168701,True,355.59999999998837,357.79999999998824
1.118033988749895,True,368.59999999998763,369.3999999999876
1.1331154474650635,True,312.5999999999908,314.3999999999907
2.1540659228538015,True,351.3999999999886,352.39999999998855
0.8,True,350.99999999998863,351.5999999999886
1.2747548783981963,True,346.3999999999889,347.9999999999888
1.4285714285714286,True,354.9999999999884,356.3999999999883
1.1967032904743342,True,350.1999999999887,351.9999999999886
1.1331154474650635,True,338.7999999999893,340.5999999999892
1.4285714285714286,True,348.79999999998876,350.1999999999887
1.25,True,345.19999999998896,346.79999999998887
1.077032961426901,True,333.39999999998963,335.3999999999895
1.2747548783981963,True,344.999999999989,346.5999999999889
1.1111111111111112,True,327.79999999998995,329.59999999998985
1.25,True,375.19999999998726,376.79999999998716
1.4568627181693672,True,321.9999999999903,323.3999999999902
1.1111111111111112,True,360.99999999998806,362.79999999998796
0.9090909090909092,True,337.99999999998937,340.19999999998925
1.0198039027185573,True,338.39999999998935,340.39999999998923
1.2747548783981963,True,346.3999999999889,347.9999999999888
1.4285714285714286,True,302.99999999999136,304.3999999999913
1.1331154474650635,True,317.39999999999054,319.19999999999044
1.1111111111111112,True,308.999999999991,310.7999999999909
1.2957670877434004,True,320.39999999999037,322.19999999999027
1.1331154474650635,True,328.1999999999899,329.9999999999898
1.4285714285714286,True,316.1999999999906,317.59999999999053
1.1967032904743342,True,336.1999999999895,337.99999999998937
1.1111111111111112,True,305.5999999999912,307.3999999999911
1.2747548783981963,True,313.79999999999075,315.39999999999065
1.1331154474650635,True,320.59999999999036,322.39999999999026
1.4142135623730951,True,304.1999999999913,304.59999999999127
1.27775312999988,True,306.79999999999114,308.19999999999106
1.1331154474650635,True,320.79999999999035,322.59999999999025
2.8284271247461903,True,291.19999999999203,291.399999999992
1.2747548783981963,True,322.39999999999026,323.99999999999017
1.4568627181693672,True,296.19999999999175,297.59999999999167
1.0000000000000002,True,310.7999999999909,312.7999999999908
1.2747548783981963,True,299.79999999999154,301.39999999999145
1.4568627181693672,True,325.3999999999901,326.79999999999
1.25,True,285.1999999999924,286.7999999999923
1.25,True,293.3999999999919,294.9999999999918
1.4285714285714286,True,297.99999999999164,299.39999999999156
1.2747548783981963,True,278.39999999999276,279.99999999999267
1.25,True,298.7999999999916,300.3999999999915
1.2747548783981963,True,311.3999999999909,312.9999999999908
1.4285714285714286,True,276.79999999999285,278.19999999999277
1.2747548783981963,True,296.7999999999917,298.3999999999916
1.25,True,266.9999999999934,268.5999999999933
1.077032961426901,True,314.7999999999907,316.7999999999906
1.2747548783981963,True,261.9999999999937,263.5999999999936
1.25,True,273.59999999999303,275.19999999999294
1.1111111111111112,True,274.79999999999296,276.59999999999286
1.4285714285714286,True,269.1999999999933,270.5999999999932
1.4568627181693672,True,261.7999999999937,263.1999999999936
1.25,True,260.3999999999938,261.9999999999937
1.4285714285714286,True,253.79999999999413,255.19999999999405
1.2747548783981963,True,263.3999999999936,264.9999999999935
1.4285714285714286,True,252.99999999999417,254.3999999999941
1.25,True,256.799999999994,258.3999999999939
1.25,True,248.19999999999445,249.79999999999436
0.6666666666666667,True,390.1999999999864,390.99999999998636
1.0198039027185573,True,399.1999999999859,401.1999999999858
1.077032961426901,True,399.99999999998585,401.99999999998573
1.1331154474650635,True,390.79999999998637,392.59999999998627
1.1331154474650635,True,390.99999999998636,392.79999999998626
1.2747548783981963,True,391.39999999998633,392.99999999998624
0.9270944570168701,True,388.5999999999865,390.79999999998637
1.2747548783981963,True,388.5999999999865,390.1999999999864
1.25,True,397.199999999986,398.7999999999859
1.1111111111111112,True,384.5999999999867,386.3999999999866
1.4142135623730951,True,380.39999999998696,380.79999999998694
1.1331154474650635,True,398.7999999999859,400.5999999999858
1.2747548783981963,True,375.59999999998723,377.19999999998714
1.0198039027185573,True,378.59999999998706,380.59999999998695
1.25,True,375.9999999999872,377.5999999999871
0.9035079029052515,True,365.5999999999878,366.59999999998774
0.4040610178208844,True,370.7999999999875,371.1999999999875
1.1111111111111112,True,360.3999999999881,362.199999999988
1.1111111111111112,True,400.5999999999858,402.3999999999857
1.1331154474650635,True,396.999999999986,398.7999999999859
1.1111111111111112,True,384.39999999998673,386.19999999998663
1.0198039027185573,True,378.99999999998704,380.9999999999869
1.0000000000000002,True,382.19999999998686,384.19999999998674
1.1111111111111112,True,369.5999999999876,371.3999999999875
1.25,True,386.7999999999866,388.3999999999865
1.0198039027185573,True,381.3999999999869,383.3999999999868
1.178030178747903,True,384.7999999999867,386.19999999998663
0.9162456945817025,True,379.599999999987,381.3999999999869
1.1331154474650635,True,383.1999999999868,384.9999999999867
0.9270944570168701,True,379.999999999987,382.19999999998686
1.2000000000000002,True,357.39999999998827,358.3999999999882
1.4907119849998598,True,380.9999999999869,381.5999999999869
1.4285714285714286,True,338.19999999998936,339.5999999999893
1.0198039027185573,True,364.99999999998784,366.9999999999877
1.264911064067352,True,363.5999999999879,364.59999999998786
1.1111111111111112,True,368.9999999999876,370.7999999999875
1.2000000000000002,True,365.3999999999878,366.39999999998776
1.077032961426901,True,335.3999999999895,337.3999999999894
1.2747548783981963,True,364.1999999999879,365.7999999999878
1.2747548783981963,True,346.79999999998887,348.3999999999888
1.1331154474650635,True,361.999999999988,363.7999999999879
1.25,True,352.59999999998854,354.19999999998845
1.1111111111111112,True,339.3999999999893,341.1999999999892
2.23606797749979,True,335.5999999999895,336.39999999998946
1.2957670877434004,True,341.1999999999892,342.9999999999891
1.25,True,362.79999999998796,364.39999999998787
1.2747548783981963,True,346.3999999999889,347.9999999999888
1.3462912017836262,True,341.3999999999892,342.9999999999891
0.8975274678557507,True,347.5999999999888,349.9999999999887
1.8856180831641267,True,373.19999999998737,373.79999999998734
1.2747548783981963,True,350.79999999998864,352.39999999998855
1.3462912017836262,True,352.39999999998855,353.99999999998846
1.1331154474650635,True,348.1999999999888,349.9999999999887
1.1331154474650635,True,364.1999999999879,365.9999999999878
1.178030178747903,True,337.1999999999894,338.59999999998934
1.1111111111111112,True,339.99999999998926,341.79999999998915
1.4142135623730951,True,336.39999999998946,336.79999999998944
1.2747548783981963,True,325.5999999999901,327.19999999999
1.2747548783981963,True,325.5999999999901,327.19999999999
1.25,True,330.1999999999898,331.7999999999897
1.2747548783981963,True,332.5999999999897,334.1999999999896
0.9090909090909092,True,362.599999999988,364.79999999998785
1.3462912017836262,True,329.19999999998987,330.7999999999898
1.2747548783981963,True,327.99999999998994,329.59999999998985
1.25,True,328.5999999999899,330.1999999999898
1.1661903789690604,True,351.5999999999886,353.5999999999885
1.25,True,345.59999999998894,347.19999999998885
1.3462912017836262,True,308.59999999999104,310.19999999999095
1.4285714285714286,True,330.3999999999898,331.7999999999897
0.9162456945817025,True,323.3999999999902,325.1999999999901
1.1180339887498951,True,327.59999999998996,329.19999999998987
1.2747548783981963,True,314.5999999999907,316.1999999999906
1.25,True,308.39999999999105,309.99999999999096
1.1967032904743342,True,333.19999999998964,334.99999999998954
1.25,True,315.19999999999067,316.7999999999906
1.1111111111111112,True,328.1999999999899,329.9999999999898
0.4,True,326.19999999999004,326.39999999999003
1.077032961426901,True,318.99999999999045,320.99999999999034
1.0000000000000002,True,309.799999999991,311.79999999999086
1.3333333333333335,True,318.3999999999905,319.5999999999904
1.4907119849998598,True,299.99999999999153,300.5999999999915
1.0000000000000002,True,336.1999999999895,337.1999999999894
1.1111111111111112,True,306.39999999999117,308.19999999999106
1.077032961426901,True,319.7999999999904,321.7999999999903
1.25,True,285.9999999999923,287.59999999999224
1.5000000000000002,True,306.1999999999912,306.99999999999113
1.25,True,286.7999999999923,288.3999999999922
1.1967032904743342,True,336.79999999998944,338.59999999998934
1.25,True,293.7999999999919,295.3999999999918
1.4285714285714286,True,287.9999999999922,289.39999999999213
1.1111111111111112,True,305.9999999999912,307.7999999999911
1.2747548783981963,True,278.19999999999277,279.7999999999927
1.0,True,300.9999999999915,301.39999999999145
1.25,True,275.19999999999294,276.79999999999285
1.2747548783981963,True,264.19999999999357,265.7999999999935
1.25,True,290.1999999999921,291.799999999992
1.3462912017836262,True,291.19999999999203,292.79999999999194
1.25,True,269.59999999999326,271.19999999999317
1.6996731711975952,True,264.39999999999355,265.5999999999935
1.6996731711975952,True,290.59999999999206,291.799999999992
1.2747548783981963,True,280.19999999999266,281.79999999999256
1.4285714285714286,True,281.5999999999926,282.9999999999925
1.25,True,295.5999999999918,297.1999999999917
1.1967032904743342,True,290.59999999999206,292.39999999999196
1.25,True,283.1999999999925,284.7999999999924
1.25,True,282.7999999999925,284.3999999999924
1.1111111111111112,True,266.59999999999343,268.3999999999933
1.4285714285714286,True,262.39999999999367,263.7999999999936
1.4285714285714286,True,253.19999999999416,254.59999999999408
1.25,True,270.5999999999932,272.1999999999931
1.4285714285714286,True,253.59999999999414,254.99999999999406
1.2747548783981963,True,250.39999999999432,251.99999999999423
1.0198039027185573,True,392.3999999999863,394.39999999998616
0.9428090415820634,True,386.3999999999866,386.7999999999866
1.25,True,400.5999999999858,402.1999999999857
1.5000000000000002,True,381.7999999999869,382.59999999998684
1.2747548783981963,True,386.19999999998663,387.79999999998654
1.2747548783981963,True,388.99999999998647,390.5999999999864
1.1661903789690604,True,388.7999999999865,390.79999999998637
1.2747548783981963,True,366.39999999998776,367.99999999998766
0.9090909090909092,True,395.9999999999861,398.19999999998595
0.9270944570168701,True,393.9999999999862,396.19999999998606
1.1111111111111112,True,392.79999999998626,394.59999999998615
0.9090909090909092,True,388.3999999999865,390.5999999999864
0.9270944570168701,True,393.19999999998623,395.3999999999861
1.3462912017836262,True,366.79999999998773,368.39999999998764
1.4285714285714286,True,368.19999999998765,369.5999999999876
1.2747548783981963,True,389.39999999998645,390.99999999998636
1.1331154474650635,True,388.3999999999865,390.1999999999864
1.118033988749895,True,378.3999999999871,379.199999999987
0.28571428571428575,True,388.7999999999865,389.19999999998646
0.9791208740244554,True,371.59999999998746,373.79999999998734
1.3462912017836262,True,382.39999999998685,383.99999999998676
1.1111111111111112,True,395.3999999999861,397.199999999986
1.25,True,358.1999999999882,359.79999999998813
1.2747548783981963,True,356.19999999998834,357.79999999998824
1.1331154474650635,True,382.9999999999868,384.7999999999867
1.2747548783981963,True,386.3999999999866,387.9999999999865
1.1111111111111112,True,370.19999999998754,371.99999999998744
1.4568627181693672,True,367.1999999999877,368.59999999998763
1.1331154474650635,True,365.3999999999878,367.1999999999877
1.4142135623730951,True,350.59999999998865,350.99999999998863
1.1111111111111112,True,369.79999999998756,371.59999999998746
1.1331154474650635,True,381.3999999999869,383.1999999999868
1.1661903789690604,True,383.3999999999868,385.3999999999867
1.1331154474650635,True,363.7999999999879,365.5999999999878
1.1111111111111112,True,348.3999999999888,350.1999999999887
1.1111111111111112,True,371.3999999999875,373.19999999998737
1.0000000000000002,True,360.3999999999881,362.399999999988
1.4142135623730951,True,363.9999999999879,364.79999999998785
1.3462912017836262,True,329.19999999998987,330.7999999999898
1.25,True,367.5999999999877,369.1999999999876
1.1111111111111112,True,362.199999999988,363.9999999999879
1.1111111111111112,True,348.79999999998876,350.59999999998865
1.0198039027185573,True,356.19999999998834,358.1999999999882
1.25,True,334.79999999998955,336.39999999998946
1.3743685418725535,True,349.9999999999887,351.1999999999886
1.2747548783981963,True,354.9999999999884,356.5999999999883
1.0000000000000002,True,348.99999999998875,350.99999999998863
0.9270944570168701,True,341.3999999999892,343.59999999998905
1.8856180831641267,True,341.59999999998917,342.19999999998913
1.3462912017836262,True,352.19999999998856,353.7999999999885
1.2747548783981963,True,344.599999999989,346.1999999999889
1.2747548783981963,True,341.1999999999892,342.7999999999891
1.1331154474650635,True,333.5999999999896,335.3999999999895
1.4568627181693672,True,347.19999999998885,348.59999999998877
1.1111111111111112,True,348.59999999998877,350.39999999998867
1.0198039027185573,True,347.9999999999888,349.9999999999887
1.2747548783981963,True,330.7999999999898,332.3999999999897
1.264911064067352,True,359.19999999998817,360.1999999999881
1.0198039027185573,True,340.19999999998925,342.19999999998913
1.27775312999988,True,350.1999999999887,351.5999999999886
1.4285714285714286,True,325.99999999999005,327.39999999999
1.1331154474650635,True,338.9999999999893,340.7999999999892
1.118033988749895,True,343.1999999999891,343.99999999998903
1.1331154474650635,True,354.19999999998845,355.99999999998835
0.5,True,336.1999999999895,336.39999999998946
1.2747548783981963,True,329.59999999998985,331.19999999998976
1.4568627181693672,True,315.19999999999067,316.5999999999906
1.077032961426901,True,338.59999999998934,340.5999999999892
1.1331154474650635,True,335.9999999999895,337.7999999999894
1.1331154474650635,True,336.39999999998946,338.19999999998936
1.2747548783981963,True,314.5999999999907,316.1999999999906
0.6666666666666667,True,341.79999999998915,342.5999999999891
1.25,True,316.3999999999906,317.9999999999905
1.1331154474650635,True,319.5999999999904,321.3999999999903
1.25,True,333.19999999998964,334.79999999998955
1.25,True,332.99999999998965,334.59999999998956
1.1331154474650635,True,325.99999999999005,327.79999999998995
1.25,True,303.9999999999913,305.5999999999912
0.9090909090909092,True,338.9999999999893,341.1999999999892
1.264911064067352,True,317.39999999999054,318.3999999999905
1.2747548783981963,True,325.1999999999901,326.79999999999
1.1111111111111112,True,309.99999999999096,311.79999999999086
1.1967032904743342,True,333.7999999999896,335.5999999999895
1.1111111111111112,True,326.59999999999,328.3999999999899
1.0601730717900548,True,309.99999999999096,312.19999999999084
1.25,True,300.9999999999915,302.5999999999914
1.4285714285714286,True,313.39999999999077,314.7999999999907
0.8888888888888891,True,320.1999999999904,321.9999999999903
1.2747548783981963,True,284.19999999999243,285.79999999999234
0.9270944570168701,True,334.3999999999896,336.59999999998945
1.1331154474650635,True,355.1999999999884,356.9999999999883
0.6666666666666667,True,304.3999999999913,304.99999999999125
1.2018504251546633,True,317.59999999999053,318.79999999999046
1.25,True,322.39999999999026,323.99999999999017
1.4568627181693672,True,289.19999999999214,290.59999999999206
1.4285714285714286,True,298.3999999999916,299.79999999999154
1.25,True,295.99999999999176,297.59999999999167
1.0198039027185573,True,319.9999999999904,321.9999999999903
1.25,True,277.7999999999928,279.3999999999927
1.25,True,283.79999999999245,285.39999999999236
1.25,True,292.39999999999196,293.99999999999187
1.4285714285714286,True,272.1999999999931,273.59999999999303
1.2747548783981963,True,312.19999999999084,313.79999999999075
1.1331154474650635,True,300.3999999999915,302.1999999999914
1.2747548783981963,True,288.79999999999217,290.3999999999921
1.25,True,283.59999999999246,285.1999999999924
1.1331154474650635,True,275.19999999999294,276.99999999999284
1.2747548783981963,True,280.9999999999926,282.5999999999925
1.25,True,264.59999999999354,266.19999999999345
1.25,True,289.7999999999921,291.399999999992
1.4568627181693672,True,258.1999999999939,259.5999999999938
1.25,True,269.39999999999327,270.9999999999932
1.4285714285714286,True,253.79999999999413,255.19999999999405
1.25,True,259.9999999999938,261.5999999999937
1.4285714285714286,True,251.99999999999423,253.39999999999415
1.2747548783981963,True,251.19999999999428,252.79999999999418
1.4285714285714286,True,243.5999999999947,244.99999999999463
0.8975274678557507,True,390.5999999999864,392.99999999998624
0.9162456945817025,True,377.9999999999871,379.799999999987
1.25,True,385.79999999998665,387.39999999998656
0.5714285714285715,True,394.99999999998613,395.5999999999861
1.1331154474650635,True,374.1999999999873,375.9999999999872
1.2747548783981963,True,397.399999999986,398.9999999999859
1.4568627181693672,True,377.39999999998713,378.79999999998705
1.1331154474650635,True,393.5999999999862,395.3999999999861
1.4285714285714286,True,400.9999999999858,402.3999999999857
1.1967032904743342,True,389.19999999998646,390.99999999998636
1.4142135623730951,True,396.799999999986,397.199999999986
1.1331154474650635,True,384.7999999999867,386.5999999999866
1.05409255338946,True,388.7999999999865,389.9999999999864
1.3462912017836262,True,385.99999999998664,387.59999999998655
1.1331154474650635,True,399.3999999999859,401.1999999999858
1.0000000000000002,True,390.79999999998637,392.79999999998626
1.1331154474650635,True,401.1999999999858,402.9999999999857
1.0000000000000002,True,397.79999999998597,399.79999999998586
1.1331154474650635,True,372.5999999999874,374.3999999999873
1.3462912017836262,True,375.59999999998723,377.19999999998714
1.2747548783981963,True,368.59999999998763,370.19999999998754
1.1180339887498951,True,389.59999999998644,391.19999999998635
1.1331154474650635,True,378.3999999999871,380.19999999998697
1.2747548783981963,True,376.1999999999872,377.7999999999871
0.33333333333333337,True,388.1999999999865,388.5999999999865
2.8284271247461903,True,355.79999999998836,355.99999999998835
1.1331154474650635,True,364.99999999998784,366.79999999998773
1.2747548783981963,True,370.39999999998753,371.99999999998744
1.1331154474650635,True,368.7999999999876,370.5999999999875
0.7071067811865476,True,367.1999999999877,367.5999999999877
1.4907119849998598,True,373.59999999998735,374.1999999999873
1.264911064067352,True,371.99999999998744,372.9999999999874
1.1111111111111112,True,377.39999999998713,379.199999999987
0.9791208740244554,True,373.59999999998735,375.7999999999872
1.2747548783981963,True,346.79999999998887,348.3999999999888
1.1111111111111112,True,355.1999999999884,356.9999999999883
1.2747548783981963,True,374.7999999999873,376.3999999999872
1.0198039027185573,True,359.19999999998817,361.19999999998805
1.2000000000000002,True,352.19999999998856,353.1999999999885
1.1967032904743342,True,352.79999999998853,354.5999999999884
1.25,True,352.19999999998856,353.7999999999885
1.4142135623730951,True,366.59999999998774,366.9999999999877
0.28571428571428575,True,350.1999999999887,350.59999999998865
1.1111111111111112,True,357.99999999998823,359.79999999998813
1.2747548783981963,True,352.59999999998854,354.19999999998845
1.4142135623730951,True,345.59999999998894,345.9999999999889
1.3462912017836262,True,342.19999999998913,343.79999999998904
1.1111111111111112,True,364.39999999998787,366.19999999998777
1.118033988749895,True,338.39999999998935,339.1999999999893
1.27775312999988,True,351.3999999999886,352.79999999998853
1.4907119849998598,True,332.3999999999897,332.99999999998965
1.077032961426901,True,336.79999999998944,338.7999999999893
1.1967032904743342,True,350.99999999998863,352.79999999998853
1.1331154474650635,True,359.79999999998813,361.59999999998803
1.0301575072754257,True,358.5999999999882,359.9999999999881
1.1331154474650635,True,349.3999999999887,351.1999999999886
1.1331154474650635,True,337.99999999998937,339.79999999998927
1.1331154474650635,True,331.7999999999897,333.5999999999896
1.1331154474650635,True,345.59999999998894,347.39999999998884
1.2747548783981963,True,343.59999999998905,345.19999999998896
1.2747548783981963,True,320.59999999999036,322.19999999999027
1.25,True,316.5999999999906,318.1999999999905
1.2747548783981963,True,334.3999999999896,335.9999999999895
1.1111111111111112,True,337.1999999999894,338.9999999999893
1.3333333333333335,True,334.1999999999896,335.3999999999895
1.2747548783981963,True,354.7999999999884,356.3999999999883
1.0000000000000002,True,334.79999999998955,336.79999999998944
1.2018504251546633,True,356.7999999999883,357.99999999998823
1.25,True,327.59999999998996,329.19999999998987
1.0000000000000002,True,323.1999999999902,325.1999999999901
1.178030178747903,True,337.99999999998937,339.3999999999893
1.2747548783981963,True,312.3999999999908,313.99999999999073
1.2747548783981963,True,347.5999999999888,349.19999999998873
1.25,True,345.19999999998896,346.79999999998887
1.0198039027185573,True,320.59999999999036,322.59999999999025
1.4907119849998598,True,307.9999999999911,308.59999999999104
1.4568627181693672,True,301.59999999999144,302.99999999999136
1.1967032904743342,True,335.7999999999895,337.5999999999894
1.4568627181693672,True,302.3999999999914,303.7999999999913
1.077032961426901,True,319.5999999999904,321.5999999999903
1.4568627181693672,True,318.79999999999046,320.1999999999904
1.4568627181693672,True,310.39999999999094,311.79999999999086
0.5656854249492381,True,310.5999999999909,310.9999999999909
1.1331154474650635,True,342.9999999999891,344.799999999989
1.2747548783981963,True,299.39999999999156,300.9999999999915
1.4285714285714286,True,300.5999999999915,301.9999999999914
1.1331154474650635,True,319.19999999999044,320.99999999999034
1.4285714285714286,True,302.1999999999914,303.5999999999913
1.1331154474650635,True,296.9999999999917,298.7999999999916
1.1111111111111112,True,309.799999999991,311.59999999999087
1.1967032904743342,True,310.39999999999094,312.19999999999084
1.25,True,292.39999999999196,293.99999999999187
1.4285714285714286,True,287.59999999999224,288.99999999999216
1.4285714285714286,True,284.7999999999924,286.1999999999923
1.0000000000000002,True,299.39999999999156,301.39999999999145
1.25,True,280.19999999999266,281.79999999999256
1.1111111111111112,True,344.799999999989,346.5999999999889
1.4568627181693672,True,280.9999999999926,282.39999999999253
1.2747548783981963,True,305.19999999999123,306.79999999999114
1.4285714285714286,True,303.9999999999913,305.3999999999912
1.1111111111111112,True,308.59999999999104,310.39999999999094
1.25,True,268.3999999999933,269.99999999999324
1.4285714285714286,True,286.3999999999923,287.7999999999922
1.1111111111111112,True,280.39999999999264,282.19999999999254
1.4285714285714286,True,276.3999999999929,277.7999999999928
1.4285714285714286,True,268.9999999999933,270.3999999999932
1.4285714285714286,True,264.59999999999354,265.99999999999346
1.1331154474650635,True,288.5999999999922,290.3999999999921
1.4285714285714286,True,258.7999999999939,260.1999999999938
1.4285714285714286,True,267.99999999999335,269.39999999999327
1.1331154474650635,True,295.99999999999176,297.79999999999166
1.25,True,265.5999999999935,267.1999999999934
1.25,True,244.59999999999465,246.19999999999456
1.25,True,250.7999999999943,252.3999999999942
1.1331154474650635,True,394.99999999998613,396.799999999986
1.3743685418725535,True,391.9999999999863,393.19999999998623
1.4422205101855958,True,373.59999999998735,374.5999999999873
0.9791208740244554,True,388.7999999999865,390.99999999998636
1.1967032904743342,True,386.3999999999866,388.1999999999865
1.4142135623730951,True,377.7999999999871,378.1999999999871
1.1111111111111112,True,386.7999999999866,388.5999999999865
1.3333333333333333,True,391.19999999998635,391.7999999999863
1.0198039027185573,True,389.19999999998646,391.19999999998635
1.0198039027185573,True,387.1999999999866,389.19999999998646
1.1331154474650635,True,386.9999999999866,388.7999999999865
1.1111111111111112,True,373.19999999998737,374.99999999998727
1.4907119849998598,True,383.1999999999868,383.79999999998677
1.2747548783981963,True,378.79999999998705,380.39999999998696
1.2957670877434004,True,379.399999999987,381.1999999999869
0.7692307692307692,True,379.199999999987,381.7999999999869
1.0198039027185573,True,400.3999999999858,402.3999999999857
1.58113883008419,True,378.1999999999871,378.99999999998704
1.118033988749895,True,378.59999999998706,379.399999999987
1.1331154474650635,True,401.79999999998574,403.59999999998564
1.3333333333333333,True,357.99999999998823,358.5999999999882
1.25,True,375.59999999998723,377.19999999998714
1.1331154474650635,True,363.19999999998794,364.99999999998784
1.5000000000000002,True,380.59999999998695,381.3999999999869
1.538618516324144,True,369.1999999999876,370.5999999999875
1.178030178747903,True,386.9999999999866,388.3999999999865
1.4568627181693672,True,387.79999999998654,389.19999999998646
1.2957670877434004,True,355.3999999999884,357.1999999999883
1.2747548783981963,True,364.1999999999879,365.7999999999878
1.0198039027185573,True,365.9999999999878,367.99999999998766
1.538618516324144,True,365.7999999999878,367.1999999999877
0.894427190999916,True,360.99999999998806,361.59999999998803
1.3462912017836262,True,341.79999999998915,343.39999999998906
1.4285714285714286,True,360.99999999998806,362.399999999988
1.1331154474650635,True,358.7999999999882,360.5999999999881
1.0,True,360.1999999999881,360.5999999999881
1.25,True,349.9999999999887,351.5999999999886
1.4285714285714286,True,347.7999999999888,349.19999999998873
1.3462912017836262,True,351.5999999999886,353.1999999999885
1.1967032904743342,True,371.59999999998746,373.39999999998736
1.0000000000000002,True,341.59999999998917,343.59999999998905
1.05409255338946,True,372.3999999999874,373.59999999998735
0.28571428571428575,True,354.7999999999884,355.1999999999884
1.25,True,357.99999999998823,359.59999999998814
1.077032961426901,True,358.1999999999882,360.1999999999881
1.0198039027185573,True,353.7999999999885,355.79999999998836
1.2747548783981963,True,347.19999999998885,348.79999999998876
1.2747548783981963,True,345.59999999998894,347.19999999998885
1.0,True,354.19999999998845,354.5999999999884
1.1111111111111112,True,342.3999999999891,344.199999999989
0.49690399499995336,True,338.7999999999893,339.3999999999893
1.2000000000000002,True,364.59999999998786,365.5999999999878
1.25,True,336.9999999999894,338.59999999998934
1.0198039027185573,True,337.3999999999894,339.3999999999893
1.2747548783981963,True,347.39999999998884,348.99999999998875
0.9270944570168701,True,329.9999999999898,332.1999999999897
1.0000000000000002,True,341.59999999998917,343.59999999998905
1.0000000000000002,True,348.3999999999888,350.39999999998867
1.1111111111111112,True,351.7999999999886,353.5999999999885
1.25,True,359.79999999998813,361.39999999998804
1.2957670877434004,True,317.59999999999053,319.3999999999904
2.8284271247461903,True,344.799999999989,344.999999999989
1.25,True,347.19999999998885,348.79999999998876
0.28571428571428575,True,358.9999999999882,359.39999999998815
1.4285714285714286,True,343.99999999998903,345.39999999998895
0.8333333333333334,True,353.99999999998846,356.3999999999883
1.2747548783981963,True,314.9999999999907,316.5999999999906
1.1111111111111112,True,319.3999999999904,321.1999999999903
1.1331154474650635,True,339.3999999999893,341.1999999999892
1.4285714285714286,True,300.9999999999915,302.3999999999914
1.1331154474650635,True,309.199999999991,310.9999999999909
1.3462912017836262,True,328.7999999999899,330.3999999999898
1.077032961426901,True,358.5999999999882,360.5999999999881
1.25,True,296.19999999999175,297.79999999999166
1.25,True,343.79999999998904,345.39999999998895
1.4285714285714286,True,343.79999999998904,345.19999999998896
1.27775312999988,True,299.59999999999155,300.9999999999915
1.1331154474650635,True,291.799999999992,293.5999999999919
1.4285714285714286,True,297.59999999999167,298.9999999999916
1.0198039027185573,True,308.999999999991,310.9999999999909
1.4285714285714286,True,304.3999999999913,305.7999999999912
1.25,True,298.7999999999916,300.3999999999915
1.4285714285714286,True,300.7999999999915,302.1999999999914
1.1111111111111112,True,309.399999999991,311.1999999999909
1.0,True,306.99999999999113,307.3999999999911
1.4285714285714286,True,311.79999999999086,313.1999999999908
1.1331154474650635,True,298.3999999999916,300.1999999999915
0.8975274678557507,True,323.3999999999902,325.79999999999006
1.25,True,293.99999999999187,295.5999999999918
1.0198039027185573,True,310.39999999999094,312.3999999999908
1.4142135623730951,True,318.1999999999905,318.5999999999905
1.3743685418725535,True,296.19999999999175,297.3999999999917
1.4568627181693672,True,280.7999999999926,282.19999999999254
1.1111111111111112,True,279.1999999999927,280.9999999999926
1.1111111111111112,True,316.7999999999906,318.5999999999905
1.1967032904743342,True,298.9999999999916,300.7999999999915
1.4285714285714286,True,273.799999999993,275.19999999999294
1.25,True,294.9999999999918,296.5999999999917
1.25,True,282.39999999999253,283.99999999999244
1.25,True,273.999999999993,275.5999999999929
1.25,True,293.1999999999919,294.7999999999918
1.25,True,275.9999999999929,277.5999999999928
1.25,True,297.59999999999167,299.1999999999916
1.4285714285714286,True,274.199999999993,275.5999999999929
1.25,True,272.99999999999307,274.599999999993
1.1331154474650635,True,296.39999999999173,298.19999999999163
1.4285714285714286,True,260.59999999999377,261.9999999999937
1.4285714285714286,True,264.9999999999935,266.39999999999344
1.4285714285714286,True,257.19999999999396,258.5999999999939
1.4285714285714286,True,258.5999999999939,259.9999999999938
1.4285714285714286,True,244.99999999999463,246.39999999999455
