1.1967032904743342,True,430.5999999999841,432.399999999984
1.2747548783981963,True,437.5999999999837,439.1999999999836
1.0000000000000002,True,416.3999999999849,418.3999999999848
1.1331154474650635,True,432.99999999998397,434.79999999998387
1.1111111111111112,True,435.5999999999838,437.3999999999837
2.0,True,419.59999999998473,419.7999999999847
1.0000000000000002,True,440.7999999999835,442.7999999999834
1.4142135623730951,True,423.1999999999845,423.5999999999845
1.0000000000000002,True,436.79999999998375,437.7999999999837
1.1180339887498951,True,436.3999999999838,437.9999999999837
1.1111111111111112,True,426.19999999998436,427.99999999998425
1.2747548783981963,True,445.1999999999833,446.7999999999832
1.25,True,445.59999999998325,447.19999999998316
1.1331154474650635,True,430.5999999999841,432.399999999984
0.8498365855987976,True,439.9999999999836,442.39999999998344
1.1967032904743342,True,422.1999999999846,423.9999999999845
1.1331154474650635,True,440.39999999998355,442.19999999998345
1.0000000000000002,True,443.79999999998336,445.79999999998324
1.25,True,402.5999999999857,404.1999999999856
1.4285714285714286,True,422.59999999998456,423.9999999999845
1.1331154474650635,True,418.1999999999848,419.9999999999847
0.7844645405527362,True,436.79999999998375,439.3999999999836
1.4907119849998598,True,427.99999999998425,428.5999999999842
0.9162456945817025,True,416.9999999999849,418.7999999999848
1.2747548783981963,True,434.99999999998386,436.59999999998377
1.4285714285714286,True,419.19999999998475,420.5999999999847
1.1967032904743342,True,427.79999999998427,429.59999999998416
1.3462912017836262,True,423.3999999999845,424.9999999999844
1.25,True,424.79999999998444,426.39999999998435
1.4568627181693672,True,392.59999999998627,393.9999999999862
0.9270944570168701,True,409.5999999999853,411.7999999999852
1.1111111111111112,True,427.5999999999843,429.3999999999842
1.2747548783981963,True,401.39999999998577,402.9999999999857
1.077032961426901,True,433.39999999998395,435.39999999998383
1.077032961426901,True,422.1999999999846,424.19999999998447
1.1111111111111112,True,400.7999999999858,402.5999999999857
1.0198039027185573,True,399.99999999998585,401.99999999998573
1.0000000000000002,True,405.39999999998554,407.3999999999854
0.4,True,407.19999999998544,407.5999999999854
1.1967032904743342,True,408.39999999998537,410.19999999998527
1.0000000000000002,True,419.7999999999847,421.7999999999846
1.0000000000000002,True,408.99999999998533,410.9999999999852
0.9791208740244554,True,410.59999999998524,412.7999999999851
1.2000000000000002,True,384.39999999998673,385.3999999999867
1.1331154474650635,True,392.79999999998626,394.59999999998615
1.178030178747903,True,391.7999999999863,393.19999999998623
1.1331154474650635,True,401.1999999999858,402.9999999999857
1.4568627181693672,True,405.9999999999855,407.3999999999854
1.264911064067352,True,390.99999999998636,391.9999999999863
1.6666666666666667,True,374.5999999999873,375.7999999999872
1.1331154474650635,True,404.3999999999856,406.1999999999855
1.1331154474650635,True,400.3999999999858,402.1999999999857
1.0198039027185573,True,394.99999999998613,396.999999999986
1.25,True,389.19999999998646,390.79999999998637
1.25,True,409.5999999999853,411.1999999999852
0.8333333333333334,True,403.59999999998564,405.9999999999855
1.25,True,373.9999999999873,375.59999999998723
1.2747548783981963,True,360.3999999999881,361.999999999988
1.0000000000000002,True,385.3999999999867,387.39999999998656
1.2747548783981963,True,364.1999999999879,365.7999999999878
1.1331154474650635,True,376.1999999999872,377.9999999999871
1.2747548783981963,True,394.99999999998613,396.59999999998604
1.0,True,377.19999999998714,377.5999999999871
1.2747548783981963,True,349.5999999999887,351.1999999999886
1.2747548783981963,True,372.3999999999874,373.9999999999873
1.2747548783981963,True,349.19999999998873,350.79999999998864
0.8498365855987976,True,426.39999999998435,428.7999999999842
1.25,True,368.39999999998764,369.99999999998755
1.1331154474650635,True,373.39999999998736,375.19999999998726
1.25,True,365.9999999999878,367.5999999999877
1.2747548783981963,True,370.39999999998753,371.99999999998744
1.0198039027185573,True,398.9999999999859,400.9999999999858
1.1967032904743342,True,369.1999999999876,370.9999999999875
1.25,True,348.59999999998877,350.1999999999887
1.25,True,345.59999999998894,347.19999999998885
1.25,True,366.19999999998777,367.7999999999877
1.2747548783981963,True,363.19999999998794,364.79999999998785
1.4285714285714286,True,364.59999999998786,365.9999999999878
1.2747548783981963,True,345.9999999999889,347.5999999999888
1.25,True,347.39999999998884,348.99999999998875
1.1967032904743342,True,370.39999999998753,372.1999999999874
1.4285714285714286,True,348.99999999998875,350.39999999998867
1.1111111111111112,True,350.79999999998864,352.59999999998854
1.2747548783981963,True,359.19999999998817,360.7999999999881
1.4285714285714286,True,346.99999999998886,348.3999999999888
1.1111111111111112,True,368.9999999999876,370.7999999999875
1.2747548783981963,True,337.7999999999894,339.3999999999893
1.2747548783981963,True,340.7999999999892,342.3999999999891
1.25,True,337.1999999999894,338.7999999999893
1.1331154474650635,True,331.9999999999897,333.7999999999896
1.264911064067352,True,358.7999999999882,359.79999999998813
1.4285714285714286,True,341.79999999998915,343.1999999999891
1.1331154474650635,True,329.59999999998985,331.39999999998975
1.4285714285714286,True,342.9999999999891,344.399999999989
1.25,True,327.39999999999,328.9999999999899
1.4285714285714286,True,321.7999999999903,323.1999999999902
1.2747548783981963,True,305.5999999999912,307.1999999999911
1.4285714285714286,True,320.59999999999036,321.9999999999903
1.25,True,316.1999999999906,317.7999999999905
1.25,True,312.5999999999908,314.1999999999907
1.25,True,309.99999999999096,311.59999999999087
1.25,True,309.399999999991,310.9999999999909
1.4285714285714286,True,287.39999999999225,288.79999999999217
1.25,True,311.59999999999087,313.1999999999908
1.4285714285714286,True,300.5999999999915,301.9999999999914
1.25,True,297.1999999999917,298.7999999999916
1.25,True,321.9999999999903,323.5999999999902
1.4285714285714286,True,286.5999999999923,287.9999999999922
1.4285714285714286,True,280.9999999999926,282.39999999999253
1.4568627181693672,True,423.5999999999845,424.9999999999844
1.1661903789690604,True,441.99999999998346,443.99999999998334
1.2747548783981963,True,418.1999999999848,419.7999999999847
0.9270944570168701,True,442.7999999999834,444.9999999999833
1.4142135623730951,True,427.99999999998425,428.7999999999842
1.25,True,412.39999999998514,413.99999999998505
1.1967032904743342,True,442.19999999998345,443.99999999998334
1.1331154474650635,True,438.79999999998364,440.59999999998354
1.3462912017836262,True,437.7999999999837,439.3999999999836
1.25,True,444.7999999999833,446.3999999999832
1.1331154474650635,True,428.7999999999842,430.5999999999841
1.1967032904743342,True,441.3999999999835,443.1999999999834
1.1967032904743342,True,418.5999999999848,420.3999999999847
1.27775312999988,True,405.39999999998554,406.79999999998546
1.3462912017836262,True,440.7999999999835,442.39999999998344
1.4142135623730951,True,427.99999999998425,428.39999999998423
1.0198039027185573,True,413.1999999999851,415.199999999985
1.1661903789690604,True,440.9999999999835,442.9999999999834
0.894427190999916,True,423.3999999999845,424.39999999998446
1.1331154474650635,True,403.9999999999856,405.7999999999855
0.8333333333333334,True,443.1999999999834,445.59999999998325
0.9090909090909092,True,422.79999999998455,424.9999999999844
1.5000000000000002,True,416.9999999999849,417.79999999998483
0.8081220356417688,True,412.59999999998513,413.5999999999851
1.1331154474650635,True,435.19999999998385,436.99999999998374
1.1661903789690604,True,437.3999999999837,439.3999999999836
0.8498365855987976,True,407.9999999999854,410.39999999998525
1.264911064067352,True,412.39999999998514,413.3999999999851
1.1967032904743342,True,408.79999999998535,410.59999999998524
1.3462912017836262,True,421.19999999998464,422.79999999998455
1.0000000000000002,True,380.19999999998697,382.19999999998686
1.264911064067352,True,401.1999999999858,402.1999999999857
1.0000000000000002,True,420.3999999999847,422.3999999999846
1.178030178747903,True,397.79999999998597,399.1999999999859
1.27775312999988,True,416.7999999999849,418.1999999999848
0.9090909090909092,True,390.5999999999864,392.79999999998626
0.7844645405527362,True,399.1999999999859,401.79999999998574
1.4285714285714286,True,389.19999999998646,390.5999999999864
1.1967032904743342,True,395.3999999999861,397.199999999986
1.4285714285714286,True,386.5999999999866,387.9999999999865
1.4568627181693672,True,376.99999999998715,378.3999999999871
1.4142135623730951,True,402.7999999999857,403.19999999998566
1.1111111111111112,True,414.999999999985,416.7999999999849
0.8498365855987976,True,407.19999999998544,409.5999999999853
1.25,True,411.3999999999852,412.9999999999851
1.077032961426901,True,398.19999999998595,400.19999999998583
1.25,True,383.1999999999868,384.7999999999867
1.0198039027185573,True,388.1999999999865,390.1999999999864
1.2747548783981963,True,377.5999999999871,379.199999999987
1.25,True,403.19999999998566,404.7999999999856
1.3333333333333335,True,372.1999999999874,373.39999999998736
1.1331154474650635,True,388.3999999999865,390.1999999999864
1.4568627181693672,True,351.1999999999886,352.59999999998854
1.538618516324144,True,381.5999999999869,382.9999999999868
0.9270944570168701,True,399.99999999998585,402.1999999999857
1.1331154474650635,True,395.9999999999861,397.79999999998597
1.0198039027185573,True,379.999999999987,381.99999999998687
1.4285714285714286,True,386.5999999999866,387.9999999999865
1.1111111111111112,True,373.59999999998735,375.39999999998724
1.3333333333333335,True,372.5999999999874,373.79999999998734
0.8498365855987976,True,385.1999999999867,387.59999999998655
1.2747548783981963,True,404.99999999998556,406.59999999998547
1.1111111111111112,True,400.3999999999858,402.1999999999857
1.4285714285714286,True,361.999999999988,363.3999999999879
1.1331154474650635,True,362.399999999988,364.1999999999879
0.8975274678557507,True,397.99999999998596,400.3999999999858
1.1331154474650635,True,374.3999999999873,376.1999999999872
1.0000000000000002,True,364.59999999998786,366.59999999998774
0.8571428571428573,True,388.99999999998647,389.7999999999864
1.1967032904743342,True,369.99999999998755,371.79999999998745
1.4285714285714286,True,359.39999999998815,360.7999999999881
1.077032961426901,True,386.19999999998663,388.1999999999865
1.4422205101855958,True,358.1999999999882,359.19999999998817
1.1967032904743342,True,356.19999999998834,357.99999999998823
1.4568627181693672,True,354.9999999999884,356.3999999999883
1.25,True,355.59999999998837,357.1999999999883
1.0000000000000002,True,386.5999999999866,388.5999999999865
1.1111111111111112,True,376.3999999999872,378.1999999999871
1.2747548783981963,True,346.1999999999889,347.7999999999888
1.25,True,354.19999999998845,355.79999999998836
1.2747548783981963,True,344.399999999989,345.9999999999889
1.4285714285714286,True,304.99999999999125,306.39999999999117
1.0198039027185573,True,340.7999999999892,342.7999999999891
1.1967032904743342,True,333.5999999999896,335.3999999999895
1.4568627181693672,True,333.19999999998964,334.59999999998956
1.4568627181693672,True,335.7999999999895,337.1999999999894
1.4285714285714286,True,345.9999999999889,347.39999999998884
1.2747548783981963,True,331.9999999999897,333.5999999999896
1.25,True,352.59999999998854,354.19999999998845
1.25,True,336.59999999998945,338.19999999998936
1.25,True,347.9999999999888,349.5999999999887
1.4285714285714286,True,334.79999999998955,336.1999999999895
1.25,True,308.39999999999105,309.99999999999096
1.178030178747903,True,375.7999999999872,377.19999999998714
1.4568627181693672,True,326.59999999999,327.99999999998994
1.25,True,367.1999999999877,368.7999999999876
1.1111111111111112,True,325.5999999999901,327.39999999999
1.4568627181693672,True,310.19999999999095,311.59999999999087
1.25,True,324.39999999999014,325.99999999999005
1.1331154474650635,True,341.1999999999892,342.9999999999891
1.25,True,327.39999999999,328.9999999999899
1.4285714285714286,True,309.799999999991,311.1999999999909
1.2747548783981963,True,326.39999999999003,327.99999999998994
1.4285714285714286,True,306.99999999999113,308.39999999999105
1.4285714285714286,True,311.3999999999909,312.7999999999908
1.2747548783981963,True,319.9999999999904,321.5999999999903
1.25,True,285.9999999999923,287.59999999999224
1.4285714285714286,True,291.399999999992,292.79999999999194
1.2747548783981963,True,337.3999999999894,338.9999999999893
1.2747548783981963,True,290.3999999999921,291.999999999992
1.2747548783981963,True,302.3999999999914,303.9999999999913
1.4285714285714286,True,281.1999999999926,282.5999999999925
1.0000000000000002,True,442.5999999999834,444.5999999999833
0.8571428571428573,True,433.19999999998396,434.1999999999839
1.2747548783981963,True,424.39999999998446,425.99999999998437
1.1111111111111112,True,442.39999999998344,444.19999999998333
0.9791208740244554,True,438.99999999998363,441.1999999999835
1.2747548783981963,True,437.5999999999837,439.1999999999836
1.0198039027185573,True,439.9999999999836,441.99999999998346
1.25,True,413.99999999998505,415.59999999998496
1.25,True,427.5999999999843,429.1999999999842
1.0000000000000002,True,443.79999999998336,445.79999999998324
1.2957670877434004,True,414.999999999985,416.7999999999849
1.3462912017836262,True,403.79999999998563,405.39999999998554
1.2747548783981963,True,418.5999999999848,420.1999999999847
1.0198039027185573,True,444.9999999999833,446.9999999999832
1.2747548783981963,True,430.9999999999841,432.599999999984
1.077032961426901,True,408.79999999998535,410.79999999998523
0.9791208740244554,True,437.5999999999837,439.7999999999836
0.9791208740244554,True,418.5999999999848,420.79999999998466
1.538618516324144,True,412.59999999998513,413.99999999998505
1.0198039027185573,True,433.7999999999839,435.7999999999838
1.3333333333333333,True,421.39999999998463,421.9999999999846
1.25,True,446.7999999999832,448.3999999999831
1.118033988749895,True,435.39999999998383,435.9999999999838
1.2747548783981963,True,421.5999999999846,423.1999999999845
1.1331154474650635,True,436.99999999998374,438.79999999998364
1.1331154474650635,True,401.39999999998577,403.19999999998566
1.4907119849998598,True,437.5999999999837,438.1999999999837
1.0000000000000002,True,415.199999999985,417.19999999998487
1.1111111111111112,True,411.5999999999852,413.3999999999851
0.9428090415820634,True,398.5999999999859,398.9999999999859
1.1967032904743342,True,436.1999999999838,437.9999999999837
1.1331154474650635,True,392.79999999998626,394.59999999998615
1.4285714285714286,True,410.19999999998527,411.5999999999852
1.2747548783981963,True,426.59999999998433,428.19999999998424
1.1331154474650635,True,403.9999999999856,405.7999999999855
0.8498365855987976,True,418.7999999999848,421.19999999998464
0.9428090415820636,True,406.79999999998546,407.9999999999854
1.25,True,412.9999999999851,414.599999999985
1.0198039027185573,True,402.9999999999857,404.99999999998556
1.3462912017836262,True,403.79999999998563,405.39999999998554
1.4568627181693672,True,377.9999999999871,379.399999999987
1.1331154474650635,True,419.59999999998473,421.39999999998463
1.2747548783981963,True,425.5999999999844,427.1999999999843
1.4422205101855958,True,398.9999999999859,399.99999999998585
1.4142135623730951,True,399.1999999999859,399.59999999998587
1.3462912017836262,True,399.3999999999859,400.9999999999858
1.25,True,412.9999999999851,414.599999999985
1.1331154474650635,True,406.79999999998546,408.59999999998536
1.25,True,402.3999999999857,403.9999999999856
0.8975274678557507,True,403.9999999999856,406.3999999999855
1.2747548783981963,True,381.99999999998687,383.5999999999868
1.2747548783981963,True,382.9999999999868,384.5999999999867
1.05409255338946,True,415.199999999985,416.3999999999849
1.4285714285714286,True,379.399999999987,380.79999999998694
1.4285714285714286,True,387.1999999999866,388.5999999999865
1.4568627181693672,True,377.39999999998713,378.79999999998705
1.1111111111111112,True,376.1999999999872,377.9999999999871
1.1111111111111112,True,400.5999999999858,402.3999999999857
1.264911064067352,True,394.59999999998615,395.5999999999861
1.4285714285714286,True,373.79999999998734,375.19999999998726
1.4568627181693672,True,374.3999999999873,375.7999999999872
1.1967032904743342,True,386.9999999999866,388.7999999999865
0.25000000000000006,True,381.99999999998687,382.39999999998685
1.25,True,368.19999999998765,369.79999999998756
0.9270944570168701,True,381.5999999999869,383.79999999998677
1.25,True,366.79999999998773,368.39999999998764
0.8498365855987976,True,383.79999999998677,386.19999999998663
1.0000000000000002,True,385.79999999998665,387.79999999998654
1.2747548783981963,True,354.9999999999884,356.5999999999883
1.2747548783981963,True,363.3999999999879,364.99999999998784
0.9090909090909092,True,361.59999999998803,363.7999999999879
1.2747548783981963,True,358.3999999999882,359.9999999999881
1.1967032904743342,True,378.1999999999871,379.999999999987
1.178030178747903,True,364.1999999999879,365.5999999999878
1.2747548783981963,True,375.7999999999872,377.39999999998713
1.25,True,366.79999999998773,368.39999999998764
1.1331154474650635,True,362.599999999988,364.39999999998787
1.25,True,365.3999999999878,366.9999999999877
1.4568627181693672,True,355.79999999998836,357.1999999999883
1.2747548783981963,True,377.7999999999871,379.399999999987
1.4285714285714286,True,337.5999999999894,338.9999999999893
1.1111111111111112,True,377.9999999999871,379.799999999987
1.2747548783981963,True,374.7999999999873,376.3999999999872
1.25,True,346.1999999999889,347.7999999999888
1.2747548783981963,True,340.19999999998925,341.79999999998915
1.4285714285714286,True,348.1999999999888,349.5999999999887
1.25,True,351.3999999999886,352.9999999999885
1.4285714285714286,True,353.99999999998846,355.3999999999884
1.1111111111111112,True,365.1999999999878,366.9999999999877
1.1331154474650635,True,357.1999999999883,358.9999999999882
1.2747548783981963,True,325.1999999999901,326.79999999999
1.1331154474650635,True,344.199999999989,345.9999999999889
1.0198039027185573,True,356.19999999998834,358.1999999999882
1.1331154474650635,True,343.79999999998904,345.59999999998894
1.1111111111111112,True,331.19999999998976,332.99999999998965
1.1111111111111112,True,344.599999999989,346.3999999999889
1.4285714285714286,True,358.9999999999882,360.3999999999881
1.1111111111111112,True,330.7999999999898,332.5999999999897
1.4285714285714286,True,324.19999999999015,325.5999999999901
1.25,True,343.1999999999891,344.799999999989
1.25,True,342.5999999999891,344.199999999989
1.25,True,315.39999999999065,316.99999999999056
1.2747548783981963,True,349.3999999999887,350.99999999998863
1.25,True,346.5999999999889,348.1999999999888
1.25,True,334.99999999998954,336.59999999998945
1.0198039027185573,True,321.9999999999903,323.99999999999017
1.4285714285714286,True,314.7999999999907,316.1999999999906
1.4285714285714286,True,292.39999999999196,293.7999999999919
1.4285714285714286,True,298.5999999999916,299.99999999999153
1.4285714285714286,True,306.39999999999117,307.7999999999911
1.4285714285714286,True,302.5999999999914,303.9999999999913
1.2747548783981963,True,319.9999999999904,321.5999999999903
1.4285714285714286,True,297.99999999999164,299.39999999999156
1.2747548783981963,True,302.5999999999914,304.1999999999913
1.25,True,289.5999999999921,291.19999999999203
1.1331154474650635,True,301.19999999999146,302.99999999999136
0.4040610178208844,True,431.59999999998405,431.999999999984
1.1967032904743342,True,413.79999999998506,415.59999999998496
0.5,True,438.1999999999837,438.59999999998365
1.1331154474650635,True,428.5999999999842,430.3999999999841
1.118033988749895,True,421.9999999999846,422.79999999998455
1.5000000000000002,True,440.7999999999835,441.5999999999835
1.1331154474650635,True,434.3999999999839,436.1999999999838
1.1967032904743342,True,426.59999999998433,428.39999999998423
1.0000000000000002,True,430.9999999999841,432.99999999998397
0.9270944570168701,True,441.3999999999835,443.59999999998337
1.118033988749895,True,429.99999999998414,430.7999999999841
1.1111111111111112,True,420.99999999998465,422.79999999998455
1.4142135623730951,True,404.99999999998556,405.39999999998554
1.8027756377319948,True,417.59999999998485,418.3999999999848
1.2747548783981963,True,404.1999999999856,405.7999999999855
1.077032961426901,True,437.9999999999837,439.9999999999836
1.2747548783981963,True,421.5999999999846,423.1999999999845
1.4907119849998598,True,423.5999999999845,424.19999999998447
1.0198039027185573,True,399.99999999998585,401.99999999998573
1.2747548783981963,True,431.39999999998406,432.99999999998397
1.0000000000000002,True,434.99999999998386,436.99999999998374
1.2000000000000002,True,419.39999999998474,420.3999999999847
1.1111111111111112,True,445.59999999998325,447.39999999998315
1.3333333333333333,True,427.5999999999843,428.19999999998424
1.1331154474650635,True,426.9999999999843,428.7999999999842
1.25,True,413.79999999998506,415.39999999998497
1.2747548783981963,True,416.9999999999849,418.5999999999848
1.0198039027185573,True,392.3999999999863,394.39999999998616
1.264911064067352,True,402.3999999999857,403.39999999998565
1.25,True,426.19999999998436,427.79999999998427
1.0000000000000002,True,428.19999999998424,430.19999999998413
1.1111111111111112,True,428.5999999999842,430.3999999999841
1.1111111111111112,True,392.99999999998624,394.79999999998614
1.1967032904743342,True,395.5999999999861,397.399999999986
1.0198039027185573,True,436.59999999998377,438.59999999998365
1.6162440712835375,True,405.5999999999855,406.99999999998545
1.4285714285714286,True,394.39999999998616,395.7999999999861
1.077032961426901,True,431.1999999999841,433.19999999998396
0.49690399499995336,True,413.79999999998506,414.399999999985
1.25,True,406.99999999998545,408.59999999998536
0.8498365855987976,True,396.39999999998605,398.7999999999859
1.0000000000000002,True,410.9999999999852,412.9999999999851
1.4568627181693672,True,393.7999999999862,395.1999999999861
1.0000000000000002,True,415.59999999998496,417.59999999998485
1.2747548783981963,True,395.3999999999861,396.999999999986
1.3333333333333333,True,396.39999999998605,396.999999999986
1.0198039027185573,True,385.3999999999867,387.39999999998656
0.25000000000000006,True,416.9999999999849,417.59999999998485
1.4907119849998598,True,415.99999999998494,416.5999999999849
1.1967032904743342,True,377.9999999999871,379.799999999987
1.4285714285714286,True,389.59999999998644,390.99999999998636
1.4285714285714286,True,373.79999999998734,375.19999999998726
1.2747548783981963,True,370.39999999998753,371.99999999998744
0.9791208740244554,True,381.99999999998687,384.19999999998674
1.3462912017836262,True,358.1999999999882,359.79999999998813
0.4,True,365.7999999999878,365.9999999999878
0.7844645405527362,True,398.39999999998594,400.9999999999858
1.25,True,375.9999999999872,377.5999999999871
1.2747548783981963,True,365.5999999999878,367.1999999999877
0.74535599249993,True,395.1999999999861,395.9999999999861
1.2747548783981963,True,362.79999999998796,364.39999999998787
1.1111111111111112,True,370.7999999999875,372.5999999999874
1.0198039027185573,True,413.3999999999851,415.39999999998497
0.8975274678557507,True,390.79999999998637,393.19999999998623
0.31426968052735454,True,384.7999999999867,384.9999999999867
1.118033988749895,True,358.1999999999882,358.9999999999882
1.4568627181693672,True,352.9999999999885,354.39999999998844
1.25,True,364.79999999998785,366.39999999998776
1.25,True,346.5999999999889,348.1999999999888
1.0000000000000002,True,393.5999999999862,395.5999999999861
0.9090909090909092,True,404.3999999999856,406.59999999998547
1.3462912017836262,True,360.7999999999881,362.399999999988
1.4285714285714286,True,351.3999999999886,352.79999999998853
1.25,True,367.3999999999877,368.9999999999876
0.9270944570168701,True,397.399999999986,399.59999999998587
1.4285714285714286,True,361.19999999998805,362.599999999988
0.8081220356417688,True,383.3999999999868,384.7999999999867
1.4285714285714286,True,352.39999999998855,353.7999999999885
0.9090909090909092,True,386.3999999999866,388.5999999999865
1.1111111111111112,True,370.9999999999875,372.7999999999874
1.25,True,377.9999999999871,379.599999999987
1.1331154474650635,True,357.39999999998827,359.19999999998817
1.2747548783981963,True,339.3999999999893,340.9999999999892
1.4285714285714286,True,368.9999999999876,370.39999999998753
1.2747548783981963,True,329.9999999999898,331.59999999998973
1.25,True,351.7999999999886,353.3999999999885
1.1331154474650635,True,372.9999999999874,374.7999999999873
1.4285714285714286,True,344.199999999989,345.59999999998894
1.3462912017836262,True,361.59999999998803,363.19999999998794
1.1111111111111112,True,356.5999999999883,358.3999999999882
1.1111111111111112,True,363.9999999999879,365.7999999999878
1.25,True,308.59999999999104,310.19999999999095
1.4568627181693672,True,329.39999999998986,330.7999999999898
1.2747548783981963,True,344.999999999989,346.5999999999889
1.4285714285714286,True,318.79999999999046,320.1999999999904
1.25,True,325.3999999999901,326.99999999999
1.4285714285714286,True,327.59999999998996,328.9999999999899
1.4285714285714286,True,315.59999999999064,316.99999999999056
1.4285714285714286,True,308.39999999999105,309.799999999991
1.4285714285714286,True,323.99999999999017,325.3999999999901
1.2747548783981963,True,325.5999999999901,327.19999999999
1.4285714285714286,True,314.1999999999907,315.59999999999064
0.8975274678557507,True,357.1999999999883,359.59999999998814
1.25,True,328.5999999999899,330.1999999999898
1.25,True,292.59999999999195,294.19999999999186
1.25,True,286.7999999999923,288.3999999999922
1.1331154474650635,True,304.99999999999125,306.79999999999114
1.4285714285714286,True,295.3999999999918,296.7999999999917
1.4285714285714286,True,291.799999999992,293.1999999999919
1.4285714285714286,True,272.99999999999307,274.399999999993
1.25,True,272.3999999999931,273.999999999993
1.1331154474650635,True,438.79999999998364,440.59999999998354
1.1331154474650635,True,438.59999999998365,440.39999999998355
1.0601730717900548,True,442.7999999999834,444.9999999999833
1.0198039027185573,True,439.5999999999836,441.5999999999835
1.4568627181693672,True,442.39999999998344,443.79999999998336
1.0198039027185573,True,436.99999999998374,438.99999999998363
1.1111111111111112,True,441.79999999998347,443.59999999998337
1.1331154474650635,True,415.199999999985,416.9999999999849
1.4285714285714286,True,423.7999999999845,425.1999999999844
1.25,True,412.7999999999851,414.399999999985
1.4568627181693672,True,430.7999999999841,432.199999999984
0.9090909090909092,True,437.9999999999837,440.19999999998356
1.2747548783981963,True,407.3999999999854,408.99999999998533
1.6492422502470643,True,418.1999999999848,419.19999999998475
1.1331154474650635,True,439.1999999999836,440.9999999999835
0.9270944570168701,True,427.3999999999843,429.59999999998416
1.1967032904743342,True,432.799999999984,434.5999999999839
1.0198039027185573,True,438.39999999998366,440.39999999998355
1.0198039027185573,True,411.5999999999852,413.5999999999851
1.25,True,396.799999999986,398.39999999998594
1.1111111111111112,True,438.79999999998364,440.59999999998354
0.7071067811865476,True,411.7999999999852,412.19999999998515
1.1111111111111112,True,429.3999999999842,431.1999999999841
1.1331154474650635,True,427.79999999998427,429.59999999998416
1.2747548783981963,True,419.59999999998473,421.19999999998464
1.1111111111111112,True,429.3999999999842,431.1999999999841
1.1331154474650635,True,415.59999999998496,417.39999999998486
1.1331154474650635,True,424.59999999998445,426.39999999998435
1.0000000000000002,True,410.39999999998525,412.39999999998514
1.2747548783981963,True,417.19999999998487,418.7999999999848
1.1331154474650635,True,416.9999999999849,418.7999999999848
1.25,True,421.7999999999846,423.3999999999845
1.2747548783981963,True,404.3999999999856,405.9999999999855
1.4568627181693672,True,407.3999999999854,408.79999999998535
1.4142135623730951,True,418.3999999999848,418.7999999999848
1.077032961426901,True,409.9999999999853,411.99999999998516
0.4,True,397.79999999998597,398.19999999998595
1.2747548783981963,True,429.79999999998415,431.39999999998406
1.2747548783981963,True,400.7999999999858,402.3999999999857
1.1331154474650635,True,406.59999999998547,408.39999999998537
1.1111111111111112,True,415.99999999998494,417.79999999998483
0.9270944570168701,True,428.39999999998423,430.5999999999841
1.4142135623730951,True,395.3999999999861,395.7999999999861
1.3743685418725535,True,396.799999999986,397.99999999998596
1.25,True,408.79999999998535,410.39999999998525
1.25,True,392.3999999999863,393.9999999999862
1.25,True,425.99999999998437,427.5999999999843
0.9270944570168701,True,404.5999999999856,406.79999999998546
1.1111111111111112,True,418.99999999998477,420.79999999998466
0.9791208740244554,True,408.99999999998533,411.1999999999852
1.4285714285714286,True,389.59999999998644,390.99999999998636
1.0198039027185573,True,405.7999999999855,407.7999999999854
1.1331154474650635,True,400.3999999999858,402.1999999999857
1.0,True,379.799999999987,380.19999999998697
0.9791208740244554,True,409.1999999999853,411.3999999999852
0.5714285714285715,True,386.19999999998663,386.7999999999866
1.2747548783981963,True,373.19999999998737,374.7999999999873
1.2747548783981963,True,368.39999999998764,369.99999999998755
1.1331154474650635,True,419.19999999998475,420.99999999998465
1.1111111111111112,True,398.5999999999859,400.3999999999858
1.2747548783981963,True,376.1999999999872,377.7999999999871
1.4285714285714286,True,388.99999999998647,390.3999999999864
1.2747548783981963,True,371.79999999998745,373.39999999998736
1.2747548783981963,True,386.7999999999866,388.3999999999865
1.4285714285714286,True,369.1999999999876,370.5999999999875
0.9791208740244554,True,377.9999999999871,380.19999999998697
1.077032961426901,True,357.59999999998826,359.59999999998814
1.25,True,377.19999999998714,378.79999999998705
1.6,True,368.7999999999876,369.79999999998756
1.1111111111111112,True,379.999999999987,381.7999999999869
0.9428090415820634,True,383.5999999999868,384.19999999998674
1.1111111111111112,True,363.7999999999879,365.5999999999878
1.0000000000000002,True,372.3999999999874,374.3999999999873
1.2747548783981963,True,359.79999999998813,361.39999999998804
1.25,True,334.1999999999896,335.7999999999895
1.25,True,351.7999999999886,353.3999999999885
1.1331154474650635,True,371.3999999999875,373.19999999998737
1.4285714285714286,True,348.3999999999888,349.7999999999887
1.25,True,366.19999999998777,367.7999999999877
1.25,True,393.7999999999862,395.3999999999861
1.1967032904743342,True,373.9999999999873,375.7999999999872
1.1111111111111112,True,394.1999999999862,395.9999999999861
1.0000000000000002,True,364.39999999998787,366.39999999998776
0.9270944570168701,True,355.3999999999884,357.59999999998826
1.2747548783981963,True,329.79999999998984,331.39999999998975
1.2747548783981963,True,341.3999999999892,342.9999999999891
1.1967032904743342,True,357.79999999998824,359.59999999998814
1.4285714285714286,True,319.19999999999044,320.59999999999036
0.5656854249492381,True,382.9999999999868,383.3999999999868
1.2747548783981963,True,333.39999999998963,334.99999999998954
1.25,True,326.79999999999,328.3999999999899
1.1331154474650635,True,367.1999999999877,368.9999999999876
1.4285714285714286,True,320.99999999999034,322.39999999999026
1.25,True,332.1999999999897,333.7999999999896
1.1967032904743342,True,333.5999999999896,335.3999999999895
1.25,True,316.99999999999056,318.5999999999905
1.25,True,303.39999999999134,304.99999999999125
1.25,True,322.9999999999902,324.59999999999013
1.4285714285714286,True,314.1999999999907,315.59999999999064
1.25,True,331.7999999999897,333.39999999998963
1.1331154474650635,True,339.79999999998927,341.59999999998917
1.4285714285714286,True,314.5999999999907,315.9999999999906
1.4285714285714286,True,327.99999999998994,329.39999999998986
1.25,True,311.59999999999087,313.1999999999908
1.2747548783981963,True,314.9999999999907,316.5999999999906
1.4285714285714286,True,303.5999999999913,304.99999999999125
1.25,True,298.7999999999916,300.3999999999915
1.4285714285714286,True,294.59999999999184,295.99999999999176
1.4285714285714286,True,308.19999999999106,309.599999999991
1.4285714285714286,True,300.5999999999915,301.9999999999914
1.25,True,318.1999999999905,319.7999999999904
1.4285714285714286,True,297.3999999999917,298.7999999999916
1.25,True,279.99999999999267,281.5999999999926
1.2000000000000002,True,431.1999999999841,432.199999999984
1.1111111111111112,True,443.79999999998336,445.59999999998325
1.2747548783981963,True,425.99999999998437,427.5999999999843
1.4142135623730951,True,410.59999999998524,410.9999999999852
1.3462912017836262,True,441.3999999999835,442.9999999999834
1.0198039027185573,True,443.1999999999834,445.1999999999833
2.8284271247461903,True,444.19999999998333,444.3999999999833
1.3743685418725535,True,416.1999999999849,417.39999999998486
1.1331154474650635,True,424.59999999998445,426.39999999998435
1.0198039027185573,True,428.7999999999842,430.7999999999841
0.74535599249993,True,425.7999999999844,426.59999999998433
1.0198039027185573,True,441.3999999999835,443.3999999999834
1.4142135623730951,True,400.19999999998583,400.5999999999858
1.1967032904743342,True,423.1999999999845,424.9999999999844
1.1331154474650635,True,419.9999999999847,421.7999999999846
1.3462912017836262,True,422.1999999999846,423.7999999999845
1.178030178747903,True,424.19999999998447,425.5999999999844
1.1331154474650635,True,433.19999999998396,434.99999999998386
1.0000000000000002,True,422.3999999999846,424.39999999998446
1.077032961426901,True,399.59999999998587,401.59999999998576
1.1111111111111112,True,404.3999999999856,406.1999999999855
1.1111111111111112,True,426.59999999998433,428.39999999998423
1.2747548783981963,True,412.39999999998514,413.99999999998505
1.25,True,419.19999999998475,420.79999999998466
1.3333333333333333,True,439.5999999999836,440.19999999998356
1.077032961426901,True,398.5999999999859,400.5999999999858
1.2747548783981963,True,413.3999999999851,414.999999999985
1.2747548783981963,True,413.1999999999851,414.799999999985
1.264911064067352,True,422.3999999999846,423.3999999999845
0.8498365855987976,True,435.5999999999838,437.9999999999837
1.4568627181693672,True,396.999999999986,398.39999999998594
0.9090909090909092,True,404.99999999998556,407.19999999998544
0.9270944570168701,True,426.59999999998433,428.7999999999842
0.9270944570168701,True,419.39999999998474,421.5999999999846
0.7071067811865476,True,382.19999999998686,382.59999999998684
1.0000000000000002,True,407.3999999999854,409.3999999999853
1.1111111111111112,True,423.9999999999845,425.7999999999844
0.9270944570168701,True,406.1999999999855,408.39999999998537
0.9270944570168701,True,411.3999999999852,413.5999999999851
1.2747548783981963,True,434.3999999999839,435.9999999999838
1.1331154474650635,True,397.199999999986,398.9999999999859
0.8970695222838925,True,411.3999999999852,413.99999999998505
1.4142135623730951,True,383.79999999998677,384.19999999998674
1.4285714285714286,True,365.1999999999878,366.59999999998774
1.0000000000000002,True,393.19999999998623,395.1999999999861
1.264911064067352,True,399.59999999998587,400.5999999999858
1.0307764064044154,True,414.399999999985,415.99999999998494
1.25,True,352.39999999998855,353.99999999998846
0.8498365855987976,True,400.5999999999858,402.9999999999857
1.1111111111111112,True,396.19999999998606,397.99999999998596
1.6996731711975952,True,394.39999999998616,395.5999999999861
1.1111111111111112,True,387.59999999998655,389.39999999998645
0.9090909090909092,True,391.19999999998635,393.3999999999862
1.1331154474650635,True,400.9999999999858,402.7999999999857
1.4142135623730951,True,395.9999999999861,396.39999999998605
1.0198039027185573,True,383.3999999999868,385.3999999999867
1.0198039027185573,True,392.1999999999863,394.1999999999862
1.25,True,387.59999999998655,389.19999999998646
1.25,True,375.19999999998726,376.79999999998716
1.1331154474650635,True,390.5999999999864,392.3999999999863
1.25,True,367.7999999999877,369.3999999999876
0.9791208740244554,True,423.9999999999845,426.19999999998436
1.2747548783981963,True,361.19999999998805,362.79999999998796
1.4285714285714286,True,357.39999999998827,358.7999999999882
1.4907119849998598,True,411.99999999998516,412.59999999998513
1.4568627181693672,True,371.99999999998744,373.39999999998736
1.3333333333333335,True,381.7999999999869,382.9999999999868
0.9270944570168701,True,398.39999999998594,400.5999999999858
1.0198039027185573,True,391.5999999999863,393.5999999999862
1.4285714285714286,True,342.7999999999891,344.199999999989
1.25,True,357.39999999998827,358.9999999999882
1.1111111111111112,True,350.39999999998867,352.19999999998856
1.4568627181693672,True,360.1999999999881,361.59999999998803
0.8498365855987976,True,382.7999999999868,385.1999999999867
1.2747548783981963,True,371.59999999998746,373.19999999998737
1.0198039027185573,True,382.39999999998685,384.39999999998673
1.1111111111111112,True,345.19999999998896,346.99999999998886
1.1331154474650635,True,355.1999999999884,356.9999999999883
1.1331154474650635,True,361.799999999988,363.5999999999879
1.4285714285714286,True,343.39999999998906,344.799999999989
1.4285714285714286,True,347.39999999998884,348.79999999998876
1.1111111111111112,True,362.79999999998796,364.59999999998786
1.2747548783981963,True,329.59999999998985,331.19999999998976
1.25,True,364.79999999998785,366.39999999998776
1.4285714285714286,True,335.19999999998953,336.59999999998945
1.1111111111111112,True,339.5999999999893,341.3999999999892
1.25,True,353.1999999999885,354.7999999999884
1.25,True,340.19999999998925,341.79999999998915
1.25,True,324.59999999999013,326.19999999999004
1.2747548783981963,True,333.19999999998964,334.79999999998955
1.0000000000000002,True,338.7999999999893,339.99999999998926
1.4285714285714286,True,315.79999999999063,317.19999999999055
1.0,True,341.79999999998915,342.5999999999891
1.1967032904743342,True,354.9999999999884,356.7999999999883
1.25,True,350.59999999998865,352.19999999998856
1.25,True,314.7999999999907,316.3999999999906
1.1331154474650635,True,337.99999999998937,339.79999999998927
1.4285714285714286,True,304.3999999999913,305.7999999999912
1.25,True,359.79999999998813,361.39999999998804
1.4285714285714286,True,299.1999999999916,300.5999999999915
1.25,True,312.19999999999084,313.79999999999075
1.25,True,313.59999999999076,315.19999999999067
1.25,True,308.39999999999105,309.99999999999096
1.25,True,299.39999999999156,300.9999999999915
1.4285714285714286,True,298.3999999999916,299.79999999999154
1.4285714285714286,True,290.99999999999204,292.39999999999196
1.25,True,301.59999999999144,303.19999999999135
1.4285714285714286,True,290.99999999999204,292.39999999999196
1.2747548783981963,True,294.9999999999918,296.5999999999917
1.4285714285714286,True,285.59999999999235,286.99999999999227
1.1111111111111112,True,431.999999999984,433.7999999999839
1.077032961426901,True,444.19999999998333,446.1999999999832
1.1967032904743342,True,444.19999999998333,445.99999999998323
1.0601730717900548,True,433.7999999999839,435.9999999999838
1.1111111111111112,True,435.5999999999838,437.3999999999837
1.1111111111111112,True,435.9999999999838,437.7999999999837
1.25,True,432.99999999998397,434.5999999999839
1.2747548783981963,True,431.79999999998404,433.39999999998395
1.1111111111111112,True,433.9999999999839,435.7999999999838
1.2000000000000002,True,441.79999999998347,442.7999999999834
1.1642044068059727,True,428.39999999998423,430.5999999999841
1.1111111111111112,True,436.59999999998377,438.39999999998366
1.4568627181693672,True,425.7999999999844,427.1999999999843
1.4142135623730951,True,443.59999999998337,443.99999999998334
1.1331154474650635,True,420.1999999999847,421.9999999999846
0.9090909090909092,True,424.39999999998446,426.59999999998433
1.2747548783981963,True,417.39999999998486,418.99999999998477
1.1661903789690604,True,407.19999999998544,409.1999999999853
0.6666666666666667,True,411.7999999999852,412.39999999998514
1.1331154474650635,True,402.5999999999857,404.3999999999856
1.1111111111111112,True,445.1999999999833,446.9999999999832
1.1331154474650635,True,442.19999999998345,443.99999999998334
1.1331154474650635,True,430.9999999999841,432.799999999984
1.0198039027185573,True,425.3999999999844,427.3999999999843
1.25,True,418.99999999998477,420.5999999999847
1.3462912017836262,True,428.19999999998424,429.79999999998415
1.2747548783981963,True,411.3999999999852,412.9999999999851
1.2957670877434004,True,429.59999999998416,431.39999999998406
1.0198039027185573,True,432.199999999984,434.1999999999839
1.0301575072754257,True,430.19999999998413,431.59999999998405
1.1331154474650635,True,425.7999999999844,427.5999999999843
1.25,True,398.39999999998594,399.99999999998585
0.8,True,425.1999999999844,425.7999999999844
1.2747548783981963,True,376.99999999998715,378.59999999998706
1.3462912017836262,True,409.9999999999853,411.5999999999852
1.05409255338946,True,408.59999999998536,409.7999999999853
1.0198039027185573,True,417.19999999998487,419.19999999998475
1.1111111111111112,True,414.399999999985,416.1999999999849
1.4285714285714286,True,373.9999999999873,375.39999999998724
1.2747548783981963,True,388.5999999999865,390.1999999999864
1.077032961426901,True,407.9999999999854,409.9999999999853
1.4568627181693672,True,379.399999999987,380.79999999998694
1.0198039027185573,True,410.9999999999852,412.9999999999851
1.4285714285714286,True,375.19999999998726,376.5999999999872
0.9162456945817025,True,385.79999999998665,386.9999999999866
1.0198039027185573,True,408.99999999998533,410.9999999999852
1.077032961426901,True,386.19999999998663,388.1999999999865
1.2957670877434004,True,382.9999999999868,384.7999999999867
1.3462912017836262,True,391.5999999999863,393.19999999998623
0.7071067811865476,True,420.3999999999847,420.79999999998466
0.9090909090909092,True,406.1999999999855,408.39999999998537
1.4907119849998598,True,396.999999999986,397.599999999986
1.538618516324144,True,398.7999999999859,400.19999999998583
1.25,True,378.3999999999871,379.999999999987
1.1331154474650635,True,391.7999999999863,393.5999999999862
0.6731456008918129,True,408.39999999998537,411.5999999999852
1.1111111111111112,True,380.79999999998694,382.59999999998684
0.28571428571428575,True,384.19999999998674,384.39999999998673
0.9090909090909092,True,378.99999999998704,381.1999999999869
1.25,True,366.19999999998777,367.7999999999877
1.2747548783981963,True,366.9999999999877,368.59999999998763
1.2747548783981963,True,371.59999999998746,373.19999999998737
1.4285714285714286,True,374.99999999998727,376.3999999999872
1.1967032904743342,True,370.19999999998754,371.99999999998744
1.3462912017836262,True,369.79999999998756,371.3999999999875
0.8333333333333334,True,397.399999999986,399.79999999998586
1.077032961426901,True,390.5999999999864,392.59999999998627
1.4285714285714286,True,348.79999999998876,350.1999999999887
1.1331154474650635,True,372.7999999999874,374.5999999999873
1.25,True,362.599999999988,364.1999999999879
1.1111111111111112,True,369.5999999999876,371.3999999999875
1.1111111111111112,True,355.79999999998836,357.59999999998826
1.25,True,347.9999999999888,349.5999999999887
1.4907119849998598,True,376.3999999999872,376.99999999998715
1.1111111111111112,True,356.3999999999883,358.1999999999882
1.1331154474650635,True,371.99999999998744,373.79999999998734
1.2747548783981963,True,365.5999999999878,367.1999999999877
1.1331154474650635,True,360.5999999999881,362.399999999988
1.25,True,350.79999999998864,352.39999999998855
1.25,True,340.19999999998925,341.79999999998915
1.1111111111111112,True,380.59999999998695,382.39999999998685
1.4285714285714286,True,347.19999999998885,348.59999999998877
1.4142135623730951,True,362.79999999998796,363.19999999998794
1.25,True,324.39999999999014,325.99999999999005
1.4285714285714286,True,345.19999999998896,346.5999999999889
1.4285714285714286,True,325.99999999999005,327.39999999999
1.2747548783981963,True,333.39999999998963,334.99999999998954
1.4285714285714286,True,326.99999999999,328.3999999999899
1.25,True,346.5999999999889,348.1999999999888
1.4285714285714286,True,316.5999999999906,317.9999999999905
1.1331154474650635,True,341.59999999998917,343.39999999998906
1.4285714285714286,True,312.9999999999908,314.3999999999907
1.4285714285714286,True,300.7999999999915,302.1999999999914
1.4285714285714286,True,329.39999999998986,330.7999999999898
1.4568627181693672,True,332.5999999999897,333.9999999999896
1.4285714285714286,True,307.1999999999911,308.59999999999104
1.2747548783981963,True,300.9999999999915,302.5999999999914
1.1967032904743342,True,329.9999999999898,331.7999999999897
1.25,True,319.3999999999904,320.99999999999034
1.25,True,321.1999999999903,322.79999999999023
1.1111111111111112,True,338.59999999998934,340.39999999998923
1.4285714285714286,True,332.3999999999897,333.7999999999896
1.25,True,324.39999999999014,325.99999999999005
1.25,True,323.5999999999902,325.1999999999901
1.1331154474650635,True,305.19999999999123,306.99999999999113
1.25,True,299.99999999999153,301.59999999999144
1.4285714285714286,True,289.9999999999921,291.399999999992
1.25,True,310.9999999999909,312.5999999999908
1.4568627181693672,True,290.3999999999921,291.799999999992
1.25,True,288.5999999999922,290.1999999999921
1.6996731711975952,True,436.99999999998374,438.1999999999837
1.0198039027185573,True,426.7999999999843,428.7999999999842
1.1331154474650635,True,443.1999999999834,444.9999999999833
1.077032961426901,True,424.39999999998446,426.39999999998435
1.2747548783981963,True,433.39999999998395,434.99999999998386
1.0000000000000002,True,407.3999999999854,409.3999999999853
1.1331154474650635,True,439.1999999999836,440.9999999999835
1.25,True,437.9999999999837,439.5999999999836
0.9791208740244554,True,436.3999999999838,438.59999999998365
1.4907119849998598,True,432.599999999984,433.19999999998396
1.1111111111111112,True,435.39999999998383,437.19999999998373
1.3462912017836262,True,408.79999999998535,410.39999999998525
1.2000000000000002,True,436.1999999999838,437.19999999998373
1.178030178747903,True,434.1999999999839,435.5999999999838
1.4285714285714286,True,420.99999999998465,422.3999999999846
1.1313708498984762,True,432.199999999984,433.19999999998396
0.8284868934053082,True,415.39999999998497,417.9999999999848
1.1967032904743342,True,425.1999999999844,426.9999999999843
1.1111111111111112,True,439.9999999999836,441.79999999998347
1.25,True,399.59999999998587,401.1999999999858
0.9428090415820636,True,399.99999999998585,400.7999999999858
1.27775312999988,True,429.79999999998415,431.1999999999841
1.3462912017836262,True,413.5999999999851,415.199999999985
1.1331154474650635,True,411.7999999999852,413.5999999999851
1.1331154474650635,True,407.9999999999854,409.7999999999853
1.25,True,389.7999999999864,391.39999999998633
1.0198039027185573,True,415.199999999985,417.19999999998487
1.2747548783981963,True,434.99999999998386,436.59999999998377
1.178030178747903,True,428.7999999999842,430.19999999998413
1.1331154474650635,True,389.59999999998644,391.39999999998633
1.25,True,414.599999999985,416.1999999999849
1.2747548783981963,True,387.39999999998656,388.99999999998647
1.3462912017836262,True,369.3999999999876,370.9999999999875
1.25,True,414.399999999985,415.99999999998494
1.1331154474650635,True,406.79999999998546,408.59999999998536
1.2747548783981963,True,391.9999999999863,393.5999999999862
1.4285714285714286,True,375.39999999998724,376.79999999998716
1.2747548783981963,True,399.99999999998585,401.59999999998576
1.2747548783981963,True,394.79999999998614,396.39999999998605
1.0198039027185573,True,383.1999999999868,385.1999999999867
1.1111111111111112,True,383.1999999999868,384.9999999999867
1.4142135623730951,True,396.19999999998606,396.59999999998604
1.0198039027185573,True,384.5999999999867,386.5999999999866
1.2747548783981963,True,382.19999999998686,383.79999999998677
1.2747548783981963,True,375.7999999999872,377.39999999998713
1.1331154474650635,True,390.3999999999864,392.1999999999863
1.1331154474650635,True,394.79999999998614,396.59999999998604
1.2747548783981963,True,389.7999999999864,391.39999999998633
1.4285714285714286,True,370.5999999999875,371.99999999998744
1.25,True,404.99999999998556,406.59999999998547
0.44444444444444453,True,383.99999999998676,384.7999999999867
1.2747548783981963,True,389.9999999999864,391.5999999999863
0.9270944570168701,True,393.9999999999862,396.19999999998606
1.4568627181693672,True,364.59999999998786,365.9999999999878
1.0000000000000002,True,383.79999999998677,385.79999999998665
1.1111111111111112,True,384.5999999999867,386.3999999999866
0.8571428571428573,True,402.9999999999857,403.9999999999856
1.8856180831641267,True,370.5999999999875,371.1999999999875
1.25,True,353.3999999999885,354.9999999999884
1.2747548783981963,True,381.1999999999869,382.7999999999868
0.9270944570168701,True,379.199999999987,381.3999999999869
0.9270944570168701,True,379.399999999987,381.5999999999869
1.25,True,353.99999999998846,355.59999999998837
1.2957670877434004,True,383.99999999998676,385.79999999998665
1.25,True,357.59999999998826,359.19999999998817
1.0000000000000002,True,360.5999999999881,362.599999999988
1.25,True,376.99999999998715,378.59999999998706
1.2747548783981963,True,374.5999999999873,376.1999999999872
1.4285714285714286,True,367.7999999999877,369.1999999999876
1.4285714285714286,True,343.59999999998905,344.999999999989
0.8975274678557507,True,384.39999999998673,386.7999999999866
1.3462912017836262,True,358.3999999999882,359.9999999999881
1.25,True,368.19999999998765,369.79999999998756
1.1331154474650635,True,349.5999999999887,351.3999999999886
1.1331154474650635,True,380.9999999999869,382.7999999999868
1.0000000000000002,True,370.19999999998754,371.3999999999875
1.25,True,352.19999999998856,353.7999999999885
1.4285714285714286,True,339.5999999999893,340.9999999999892
1.4285714285714286,True,354.9999999999884,356.3999999999883
1.25,True,361.799999999988,363.3999999999879
1.4285714285714286,True,322.9999999999902,324.39999999999014
0.9270944570168701,True,379.599999999987,381.7999999999869
1.1661903789690604,True,402.5999999999857,404.5999999999856
1.25,True,343.1999999999891,344.799999999989
1.2747548783981963,True,359.59999999998814,361.19999999998805
1.1331154474650635,True,363.5999999999879,365.3999999999878
1.4285714285714286,True,327.79999999998995,329.19999999998987
1.25,True,338.7999999999893,340.39999999998923
1.1111111111111112,True,336.39999999998946,338.19999999998936
1.2747548783981963,True,363.7999999999879,365.3999999999878
1.4285714285714286,True,315.59999999999064,316.99999999999056
1.25,True,322.39999999999026,323.99999999999017
1.2747548783981963,True,332.5999999999897,334.1999999999896
1.4285714285714286,True,308.79999999999103,310.19999999999095
1.2747548783981963,True,356.9999999999883,358.5999999999882
1.1331154474650635,True,343.79999999998904,345.59999999998894
1.25,True,328.1999999999899,329.79999999998984
1.25,True,322.9999999999902,324.59999999999013
1.4285714285714286,True,314.1999999999907,315.59999999999064
1.25,True,320.59999999999036,322.19999999999027
1.4568627181693672,True,302.3999999999914,303.7999999999913
1.1111111111111112,True,330.3999999999898,332.1999999999897
1.4285714285714286,True,295.79999999999177,297.1999999999917
1.25,True,308.19999999999106,309.799999999991
1.4285714285714286,True,290.79999999999205,292.199999999992
1.4285714285714286,True,297.59999999999167,298.9999999999916
1.4285714285714286,True,289.19999999999214,290.59999999999206
1.25,True,288.5999999999922,290.1999999999921
1.4285714285714286,True,280.39999999999264,281.79999999999256
1.3743685418725535,True,434.5999999999839,435.7999999999838
1.2747548783981963,True,432.399999999984,433.9999999999839
1.1331154474650635,True,429.79999999998415,431.59999999998405
1.25,True,439.1999999999836,440.7999999999835
1.1111111111111112,True,417.59999999998485,419.39999999998474
1.0000000000000002,True,440.59999999998354,442.5999999999834
1.077032961426901,True,420.1999999999847,422.1999999999846
1.2747548783981963,True,437.19999999998373,438.79999999998364
1.1111111111111112,True,444.3999999999833,446.1999999999832
1.2747548783981963,True,440.39999999998355,441.99999999998346
1.0198039027185573,True,426.9999999999843,428.9999999999842
0.9090909090909092,True,434.1999999999839,436.3999999999838
0.6666666666666666,True,445.39999999998327,445.59999999998325
1.4285714285714286,True,433.39999999998395,434.79999999998387
1.0198039027185573,True,445.59999999998325,447.59999999998314
0.9938079899999067,True,442.9999999999834,444.7999999999833
1.4285714285714286,True,417.19999999998487,418.5999999999848
1.142857142857143,True,419.7999999999847,421.19999999998464
1.4568627181693672,True,413.3999999999851,414.799999999985
0.5000000000000001,True,435.7999999999838,436.59999999998377
1.0198039027185573,True,423.5999999999845,425.5999999999844
1.2747548783981963,True,419.9999999999847,421.5999999999846
1.25,True,431.999999999984,433.59999999998394
1.1331154474650635,True,399.3999999999859,401.1999999999858
1.25,True,407.3999999999854,408.99999999998533
1.25,True,415.99999999998494,417.59999999998485
1.0198039027185573,True,412.39999999998514,414.399999999985
1.6666666666666667,True,409.5999999999853,410.79999999998523
1.4285714285714286,True,443.99999999998334,445.39999999998327
1.1111111111111112,True,417.79999999998483,419.59999999998473
1.1111111111111112,True,416.3999999999849,418.1999999999848
1.0000000000000002,True,422.59999999998456,424.59999999998445
1.0198039027185573,True,417.9999999999848,419.9999999999847
0.7500000000000002,True,387.79999999998654,388.99999999998647
0.9270944570168701,True,397.599999999986,399.79999999998586
1.4285714285714286,True,418.5999999999848,419.9999999999847
0.8333333333333334,True,404.5999999999856,406.99999999998545
1.0198039027185573,True,394.79999999998614,396.799999999986
1.2957670877434004,True,397.399999999986,399.1999999999859
1.8856180831641267,True,395.1999999999861,395.7999999999861
1.2747548783981963,True,401.79999999998574,403.39999999998565
0.8970695222838925,True,395.9999999999861,398.5999999999859
1.25,True,389.19999999998646,390.79999999998637
1.6666666666666667,True,384.19999999998674,385.3999999999867
1.178030178747903,True,410.59999999998524,411.99999999998516
1.1331154474650635,True,378.59999999998706,380.39999999998696
1.4285714285714286,True,395.7999999999861,397.199999999986
1.3462912017836262,True,370.9999999999875,372.5999999999874
1.0198039027185573,True,406.79999999998546,408.79999999998535
1.1331154474650635,True,378.99999999998704,380.79999999998694
2.8284271247461903,True,393.9999999999862,394.1999999999862
1.0198039027185573,True,405.39999999998554,407.3999999999854
1.0198039027185573,True,405.9999999999855,407.9999999999854
1.0198039027185573,True,395.7999999999861,397.79999999998597
1.4285714285714286,True,381.7999999999869,383.1999999999868
1.2747548783981963,True,372.9999999999874,374.5999999999873
1.077032961426901,True,389.9999999999864,391.9999999999863
0.8498365855987976,True,386.5999999999866,388.99999999998647
1.4568627181693672,True,359.19999999998817,360.5999999999881
1.0000000000000002,True,356.5999999999883,358.5999999999882
1.1331154474650635,True,380.19999999998697,381.99999999998687
1.1331154474650635,True,380.79999999998694,382.59999999998684
1.4285714285714286,True,374.5999999999873,375.9999999999872
1.118033988749895,True,401.79999999998574,402.5999999999857
1.178030178747903,True,378.3999999999871,379.799999999987
0.9270944570168701,True,403.19999999998566,405.39999999998554
1.1111111111111112,True,368.59999999998763,370.39999999998753
1.1967032904743342,True,381.3999999999869,383.1999999999868
1.4285714285714286,True,351.1999999999886,352.59999999998854
1.2747548783981963,True,392.1999999999863,393.7999999999862
1.077032961426901,True,390.1999999999864,392.1999999999863
1.2747548783981963,True,361.19999999998805,362.79999999998796
1.25,True,347.39999999998884,348.99999999998875
1.4568627181693672,True,340.39999999998923,341.79999999998915
0.6666666666666667,True,381.3999999999869,381.99999999998687
1.2747548783981963,True,342.19999999998913,343.79999999998904
1.2747548783981963,True,360.7999999999881,362.399999999988
1.1331154474650635,True,359.9999999999881,361.799999999988
1.1331154474650635,True,348.99999999998875,350.79999999998864
1.1331154474650635,True,387.39999999998656,389.19999999998646
1.6666666666666667,True,338.19999999998936,339.3999999999893
1.2747548783981963,True,339.99999999998926,341.59999999998917
1.077032961426901,True,361.799999999988,363.7999999999879
1.1331154474650635,True,341.99999999998914,343.79999999998904
1.4285714285714286,True,335.3999999999895,336.79999999998944
1.25,True,351.7999999999886,353.3999999999885
1.25,True,352.39999999998855,353.99999999998846
1.25,True,349.9999999999887,351.5999999999886
1.2747548783981963,True,332.5999999999897,334.1999999999896
1.25,True,325.3999999999901,326.99999999999
1.4285714285714286,True,324.7999999999901,326.19999999999004
1.25,True,341.3999999999892,342.9999999999891
1.4285714285714286,True,317.9999999999905,319.3999999999904
1.25,True,393.19999999998623,394.79999999998614
1.4285714285714286,True,318.1999999999905,319.5999999999904
1.1967032904743342,True,375.59999999998723,377.39999999998713
1.1111111111111112,True,345.59999999998894,347.39999999998884
1.4285714285714286,True,346.1999999999889,347.5999999999888
1.25,True,354.19999999998845,355.79999999998836
1.4285714285714286,True,305.7999999999912,307.1999999999911
1.2747548783981963,True,326.19999999999004,327.79999999998995
1.4568627181693672,True,319.9999999999904,321.3999999999903
1.25,True,315.9999999999906,317.59999999999053
1.4285714285714286,True,307.5999999999911,308.999999999991
1.4285714285714286,True,302.99999999999136,304.3999999999913
1.2747548783981963,True,329.19999999998987,330.7999999999898
1.4285714285714286,True,295.99999999999176,297.3999999999917
1.25,True,307.1999999999911,308.79999999999103
1.0198039027185573,True,337.7999999999894,339.79999999998927
1.25,True,304.3999999999913,305.9999999999912
1.4285714285714286,True,281.5999999999926,282.9999999999925
1.4285714285714286,True,287.7999999999922,289.19999999999214
1.1111111111111112,True,435.7999999999838,437.5999999999837
1.1111111111111112,True,439.5999999999836,441.3999999999835
1.0198039027185573,True,415.79999999998495,417.79999999998483
1.077032961426901,True,432.199999999984,434.1999999999839
1.1111111111111112,True,430.3999999999841,432.199999999984
1.4142135623730951,True,421.5999999999846,422.3999999999846
0.9035079029052515,True,430.5999999999841,431.59999999998405
1.2747548783981963,True,434.3999999999839,435.9999999999838
1.2747548783981963,True,433.59999999998394,435.19999999998385
1.3743685418725535,True,431.39999999998406,432.599999999984
1.1967032904743342,True,414.999999999985,416.7999999999849
0.9035079029052515,True,424.39999999998446,425.7999999999844
1.2747548783981963,True,422.79999999998455,424.39999999998446
1.2747548783981963,True,421.39999999998463,422.99999999998454
1.264911064067352,True,422.3999999999846,423.3999999999845
1.264911064067352,True,444.5999999999833,445.59999999998325
0.33333333333333337,True,421.5999999999846,421.9999999999846
1.264911064067352,True,422.79999999998455,423.7999999999845
1.1967032904743342,True,409.9999999999853,411.7999999999852
1.25,True,446.1999999999832,447.79999999998313
1.1331154474650635,True,399.3999999999859,401.1999999999858
1.1111111111111112,True,421.5999999999846,423.3999999999845
2.8284271247461903,True,407.5999999999854,407.7999999999854
0.9791208740244554,True,424.79999999998444,426.9999999999843
1.2747548783981963,True,413.99999999998505,415.59999999998496
1.1331154474650635,True,431.1999999999841,432.99999999998397
1.0,True,432.599999999984,432.99999999998397
1.1111111111111112,True,420.79999999998466,422.59999999998456
1.3462912017836262,True,402.9999999999857,404.5999999999856
0.4714045207910318,True,409.1999999999853,409.5999999999853
1.0307764064044154,True,411.7999999999852,413.3999999999851
1.4285714285714286,True,402.3999999999857,403.79999999998563
1.4907119849998598,True,382.39999999998685,382.9999999999868
1.4568627181693672,True,401.79999999998574,403.19999999998566
1.25,True,401.99999999998573,403.59999999998564
1.0000000000000002,True,391.7999999999863,393.7999999999862
1.25,True,389.7999999999864,391.39999999998633
1.0000000000000002,True,395.1999999999861,397.199999999986
1.1331154474650635,True,417.19999999998487,418.99999999998477
0.7071067811865476,True,418.99999999998477,419.39999999998474
1.3333333333333335,True,396.39999999998605,397.599999999986
1.077032961426901,True,405.5999999999855,407.5999999999854
1.118033988749895,True,404.7999999999856,405.5999999999855
1.2747548783981963,True,391.19999999998635,392.79999999998626
1.4285714285714286,True,397.99999999998596,399.3999999999859
1.1111111111111112,True,390.99999999998636,392.79999999998626
0.9035079029052515,True,384.9999999999867,386.3999999999866
1.538618516324144,True,385.59999999998666,386.9999999999866
1.4285714285714286,True,397.79999999998597,399.1999999999859
1.3333333333333333,True,385.3999999999867,385.99999999998664
1.0307764064044154,True,380.39999999998696,381.99999999998687
1.1967032904743342,True,410.19999999998527,411.99999999998516
1.25,True,380.9999999999869,382.59999999998684
0.9270944570168701,True,390.1999999999864,392.3999999999863
1.1331154474650635,True,371.99999999998744,373.79999999998734
1.1967032904743342,True,381.99999999998687,383.79999999998677
2.8284271247461903,True,391.19999999998635,391.39999999998633
1.2747548783981963,True,382.59999999998684,384.19999999998674
1.0000000000000002,True,396.39999999998605,398.39999999998594
1.4907119849998598,True,406.59999999998547,407.19999999998544
0.5656854249492381,True,358.9999999999882,359.39999999998815
1.25,True,389.19999999998646,390.79999999998637
0.9270944570168701,True,392.59999999998627,394.79999999998614
1.2000000000000002,True,406.99999999998545,407.9999999999854
1.178030178747903,True,386.5999999999866,387.9999999999865
1.1967032904743342,True,402.9999999999857,404.7999999999856
1.4568627181693672,True,354.39999999998844,355.79999999998836
1.4285714285714286,True,358.9999999999882,360.3999999999881
1.077032961426901,True,384.39999999998673,386.3999999999866
1.3462912017836262,True,339.79999999998927,341.3999999999892
1.1111111111111112,True,349.9999999999887,351.7999999999886
1.25,True,369.99999999998755,371.59999999998746
0.8498365855987976,True,409.3999999999853,411.7999999999852
1.2747548783981963,True,333.9999999999896,335.5999999999895
1.1111111111111112,True,387.79999999998654,389.59999999998644
1.1331154474650635,True,338.9999999999893,340.7999999999892
1.4285714285714286,True,330.3999999999898,331.7999999999897
1.25,True,336.1999999999895,337.7999999999894
1.2747548783981963,True,351.3999999999886,352.9999999999885
1.2747548783981963,True,343.99999999998903,345.59999999998894
1.4285714285714286,True,338.19999999998936,339.5999999999893
1.4285714285714286,True,340.5999999999892,341.99999999998914
1.4285714285714286,True,347.19999999998885,348.59999999998877
1.1111111111111112,True,345.19999999998896,346.99999999998886
1.1331154474650635,True,354.39999999998844,356.19999999998834
1.4568627181693672,True,339.79999999998927,341.1999999999892
1.25,True,366.59999999998774,368.19999999998765
1.2747548783981963,True,333.7999999999896,335.3999999999895
1.25,True,354.39999999998844,355.99999999998835
1.4285714285714286,True,360.5999999999881,361.999999999988
1.4285714285714286,True,336.9999999999894,338.39999999998935
1.25,True,317.19999999999055,318.79999999999046
1.4285714285714286,True,317.9999999999905,319.3999999999904
1.27775312999988,True,360.99999999998806,362.399999999988
1.25,True,342.19999999998913,343.79999999998904
1.25,True,311.3999999999909,312.9999999999908
1.25,True,335.9999999999895,337.5999999999894
1.25,True,321.7999999999903,323.3999999999902
1.25,True,311.99999999999085,313.59999999999076
1.4285714285714286,True,335.19999999998953,336.59999999998945
1.4568627181693672,True,314.9999999999907,316.3999999999906
1.25,True,338.59999999998934,340.19999999998925
1.25,True,313.39999999999077,314.9999999999907
1.25,True,310.7999999999909,312.3999999999908
1.25,True,297.79999999999166,299.39999999999156
1.4285714285714286,True,303.5999999999913,304.99999999999125
1.2747548783981963,True,294.7999999999918,296.39999999999173
1.4285714285714286,True,296.39999999999173,297.79999999999166
1.4285714285714286,True,281.79999999999256,283.1999999999925
